  2.000000000000000E-003  2.000000000000000E-003  -1.31820435181712     
  2.000000000000000E-003  0.298270416666667       -1.23683821437798     
  2.000000000000000E-003  0.594540833333333       -1.08411645438052     
  2.000000000000000E-003  0.890811250000000      -0.868335743809642     
  2.000000000000000E-003   1.18708166666667      -0.686359120904210     
  2.000000000000000E-003   1.48335208333333      -0.557440693279780     
  2.000000000000000E-003   1.77962250000000      -0.468670806655479     
  2.000000000000000E-003   2.07589291666667      -0.407089617763067     
  2.000000000000000E-003   2.37216333333333      -0.364238808094922     
  2.000000000000000E-003   2.66843375000000      -0.334656731204453     
  2.000000000000000E-003   2.96470416666667      -0.314865163010568     
  2.000000000000000E-003   3.26097458333333      -0.302356521041676     
  2.000000000000000E-003   3.55724500000000      -0.295407850786091     
  2.000000000000000E-003   3.85351541666667      -0.293192787340342     
  2.000000000000000E-003   4.14978583333333      -0.295827341809685     
  2.000000000000000E-003   4.44605625000000      -0.304254140562357     
  2.000000000000000E-003   4.74232666666667      -0.320056543967837     
  2.000000000000000E-003   5.03859708333333      -0.345496667758997     
  2.000000000000000E-003   5.33486750000000      -0.384170932019745     
  2.000000000000000E-003   5.63113791666667      -0.441715802959935     
  2.000000000000000E-003   5.92740833333333      -0.526811532283324     
  2.000000000000000E-003   6.22367875000000      -0.648099711309512     
  2.000000000000000E-003   6.51994916666667      -0.792471415006264     
  2.000000000000000E-003   6.81621958333333      -0.894206078647121     
  2.000000000000000E-003   7.11249000000000      -0.947020517968441     
  0.298270416666667       2.000000000000000E-003  -1.23207297739766     
  0.298270416666667       0.298270416666667       -1.17657062974521     
  0.298270416666667       0.594540833333333       -1.02508909051533     
  0.298270416666667       0.890811250000000      -0.829566130830058     
  0.298270416666667        1.18708166666667      -0.664068885026043     
  0.298270416666667        1.48335208333333      -0.544094138981892     
  0.298270416666667        1.77962250000000      -0.459916576801861     
  0.298270416666667        2.07589291666667      -0.400755883427996     
  0.298270416666667        2.37216333333333      -0.359211025855685     
  0.298270416666667        2.66843375000000      -0.330364080375916     
  0.298270416666667        2.96470416666667      -0.310979758928020     
  0.298270416666667        3.26097458333333      -0.298670337294664     
  0.298270416666667        3.55724500000000      -0.291778463397281     
  0.298270416666667        3.85351541666667      -0.289505205425756     
  0.298270416666667        4.14978583333333      -0.291961590455603     
  0.298270416666667        4.44605625000000      -0.300052645120238     
  0.298270416666667        4.74232666666667      -0.315283803207323     
  0.298270416666667        5.03859708333333      -0.339754577874076     
  0.298270416666667        5.33486750000000      -0.376695220445251     
  0.298270416666667        5.63113791666667      -0.431025662539627     
  0.298270416666667        5.92740833333333      -0.509947207539753     
  0.298270416666667        6.22367875000000      -0.619939141748930     
  0.298270416666667        6.51994916666667      -0.750429563690276     
  0.298270416666667        6.81621958333333      -0.851283811680564     
  0.298270416666667        7.11249000000000      -0.887219627956820     
  0.594540833333333       2.000000000000000E-003  -1.07428093725630     
  0.594540833333333       0.298270416666667       -1.01982028527384     
  0.594540833333333       0.594540833333333      -0.888302877537616     
  0.594540833333333       0.890811250000000      -0.738920698517926     
  0.594540833333333        1.18708166666667      -0.610066961789155     
  0.594540833333333        1.48335208333333      -0.511532631984702     
  0.594540833333333        1.77962250000000      -0.439109224777847     
  0.594540833333333        2.07589291666667      -0.386474403748164     
  0.594540833333333        2.37216333333333      -0.348668161349420     
  0.594540833333333        2.66843375000000      -0.322031709823732     
  0.594540833333333        2.96470416666667      -0.303952241013856     
  0.594540833333333        3.26097458333333      -0.292354845238405     
  0.594540833333333        3.55724500000000      -0.285757162102413     
  0.594540833333333        3.85351541666667      -0.283436218585328     
  0.594540833333333        4.14978583333333      -0.285491940241355     
  0.594540833333333        4.44605625000000      -0.292732636850448     
  0.594540833333333        4.74232666666667      -0.306463700378154     
  0.594540833333333        5.03859708333333      -0.328370052999584     
  0.594540833333333        5.33486750000000      -0.360836548002801     
  0.594540833333333        5.63113791666667      -0.407131184042296     
  0.594540833333333        5.92740833333333      -0.471441710999560     
  0.594540833333333        6.22367875000000      -0.556521673022127     
  0.594540833333333        6.51994916666667      -0.655674501506328     
  0.594540833333333        6.81621958333333      -0.742927717947755     
  0.594540833333333        7.11249000000000      -0.778125662255163     
  0.890811250000000       2.000000000000000E-003 -0.853815383311851     
  0.890811250000000       0.298270416666667      -0.819262966713067     
  0.890811250000000       0.594540833333333      -0.733582683812175     
  0.890811250000000       0.890811250000000      -0.633749208456846     
  0.890811250000000        1.18708166666667      -0.542797022361731     
  0.890811250000000        1.48335208333333      -0.468406461320817     
  0.890811250000000        1.77962250000000      -0.410441947811251     
  0.890811250000000        2.07589291666667      -0.366475143211384     
  0.890811250000000        2.37216333333333      -0.333908481396554     
  0.890811250000000        2.66843375000000      -0.310531453187191     
  0.890811250000000        2.96470416666667      -0.294433053731031     
  0.890811250000000        3.26097458333333      -0.283946697405806     
  0.890811250000000        3.55724500000000      -0.277831413136598     
  0.890811250000000        3.85351541666667      -0.275472905987107     
  0.890811250000000        4.14978583333333      -0.276957865735026     
  0.890811250000000        4.44605625000000      -0.282964573034386     
  0.890811250000000        4.74232666666667      -0.294540730894963     
  0.890811250000000        5.03859708333333      -0.312910225686527     
  0.890811250000000        5.33486750000000      -0.339485145530802     
  0.890811250000000        5.63113791666667      -0.375942979238647     
  0.890811250000000        5.92740833333333      -0.423846590590626     
  0.890811250000000        6.22367875000000      -0.483209251864018     
  0.890811250000000        6.51994916666667      -0.548769464203007     
  0.890811250000000        6.81621958333333      -0.604889353648166     
  0.890811250000000        7.11249000000000      -0.626423388540613     
   1.18708166666667       2.000000000000000E-003 -0.666839864409616     
   1.18708166666667       0.298270416666667      -0.648508798745877     
   1.18708166666667       0.594540833333333      -0.599179533798994     
   1.18708166666667       0.890811250000000      -0.537115803761032     
   1.18708166666667        1.18708166666667      -0.476083910209626     
   1.18708166666667        1.48335208333333      -0.422529149885109     
   1.18708166666667        1.77962250000000      -0.378320443845225     
   1.18708166666667        2.07589291666667      -0.343302044102758     
   1.18708166666667        2.37216333333333      -0.316553267848178     
   1.18708166666667        2.66843375000000      -0.296948968069853     
   1.18708166666667        2.96470416666667      -0.283207360646746     
   1.18708166666667        3.26097458333333      -0.274075224063340     
   1.18708166666667        3.55724500000000      -0.268566635558746     
   1.18708166666667        3.85351541666667      -0.266184209103170     
   1.18708166666667        4.14978583333333      -0.267005197366841     
   1.18708166666667        4.44605625000000      -0.271576044460492     
   1.18708166666667        4.74232666666667      -0.280688111909563     
   1.18708166666667        5.03859708333333      -0.295157260208489     
   1.18708166666667        5.33486750000000      -0.315675007922352     
   1.18708166666667        5.63113791666667      -0.342794665740202     
   1.18708166666667        5.92740833333333      -0.376552680876253     
   1.18708166666667        6.22367875000000      -0.415615723631948     
   1.18708166666667        6.51994916666667      -0.455554120120266     
   1.18708166666667        6.81621958333333      -0.486975926828882     
   1.18708166666667        7.11249000000000      -0.497422726428949     
   1.48335208333333       2.000000000000000E-003 -0.532273167912130     
   1.48335208333333       0.298270416666667      -0.522715582836072     
   1.48335208333333       0.594540833333333      -0.494626616451935     
   1.48335208333333       0.890811250000000      -0.456575204834681     
   1.48335208333333        1.18708166666667      -0.416333187343296     
   1.48335208333333        1.48335208333333      -0.378737016611454     
   1.48335208333333        1.77962250000000      -0.346080486875610     
   1.48335208333333        2.07589291666667      -0.319181402422367     
   1.48335208333333        2.37216333333333      -0.298057146451642     
   1.48335208333333        2.66843375000000      -0.282224254779470     
   1.48335208333333        2.96470416666667      -0.270909978519289     
   1.48335208333333        3.26097458333333      -0.263259805194143     
   1.48335208333333        3.55724500000000      -0.258433084850679     
   1.48335208333333        3.85351541666667      -0.256040894929159     
   1.48335208333333        4.14978583333333      -0.256153956941559     
   1.48335208333333        4.44605625000000      -0.259275316825312     
   1.48335208333333        4.74232666666667      -0.265949652253138     
   1.48335208333333        5.03859708333333      -0.276666300154429     
   1.48335208333333        5.33486750000000      -0.291702828077503     
   1.48335208333333        5.63113791666667      -0.310988876328844     
   1.48335208333333        5.92740833333333      -0.333914517920887     
   1.48335208333333        6.22367875000000      -0.358867269392645     
   1.48335208333333        6.51994916666667      -0.382505710189610     
   1.48335208333333        6.81621958333333      -0.399496426252790     
   1.48335208333333        7.11249000000000      -0.403968817380198     
   1.77962250000000       2.000000000000000E-003 -0.437085878221062     
   1.77962250000000       0.298270416666667      -0.431998698339845     
   1.77962250000000       0.594540833333333      -0.415540005102748     
   1.77962250000000       0.890811250000000      -0.391863246954242     
   1.77962250000000        1.18708166666667      -0.365342708547633     
   1.77962250000000        1.48335208333333      -0.339296261643423     
   1.77962250000000        1.77962250000000      -0.315714814108898     
   1.77962250000000        2.07589291666667      -0.295638675443095     
   1.77962250000000        2.37216333333333      -0.279412650353849     
   1.77962250000000        2.66843375000000      -0.267122175161148     
   1.77962250000000        2.96470416666667      -0.258286172245256     
   1.77962250000000        3.26097458333333      -0.252157137302580     
   1.77962250000000        3.55724500000000      -0.248059948576565     
   1.77962250000000        3.85351541666667      -0.245633263436814     
   1.77962250000000        4.14978583333333      -0.245012494882541     
   1.77962250000000        4.44605625000000      -0.246639353266874     
   1.77962250000000        4.74232666666667      -0.251030826096261     
   1.77962250000000        5.03859708333333      -0.258497924880353     
   1.77962250000000        5.33486750000000      -0.268936782671570     
   1.77962250000000        5.63113791666667      -0.282074783005737     
   1.77962250000000        5.92740833333333      -0.297163968823460     
   1.77962250000000        6.22367875000000      -0.312806154923945     
   1.77962250000000        6.51994916666667      -0.326692300893393     
   1.77962250000000        6.81621958333333      -0.335796783782557     
   1.77962250000000        7.11249000000000      -0.337254100342782     
   2.07589291666667       2.000000000000000E-003 -0.368223993644613     
   2.07589291666667       0.298270416666667      -0.365466619512738     
   2.07589291666667       0.594540833333333      -0.355469049946185     
   2.07589291666667       0.890811250000000      -0.340433783528240     
   2.07589291666667        1.18708166666667      -0.322867070565005     
   2.07589291666667        1.48335208333333      -0.304967021307663     
   2.07589291666667        1.77962250000000      -0.288238630678207     
   2.07589291666667        2.07589291666667      -0.273544970897907     
   2.07589291666667        2.37216333333333      -0.261603818750976     
   2.07589291666667        2.66843375000000      -0.252548993561935     
   2.07589291666667        2.96470416666667      -0.246019711083379     
   2.07589291666667        3.26097458333333      -0.241362349667970     
   2.07589291666667        3.55724500000000      -0.237950753747397     
   2.07589291666667        3.85351541666667      -0.235480372455930     
   2.07589291666667        4.14978583333333      -0.234120874492564     
   2.07589291666667        4.44605625000000      -0.234342778177020     
   2.07589291666667        4.74232666666667      -0.236635976041262     
   2.07589291666667        5.03859708333333      -0.241253209672319     
   2.07589291666667        5.33486750000000      -0.248073561778992     
   2.07589291666667        5.63113791666667      -0.256573826267732     
   2.07589291666667        5.92740833333333      -0.266142277064123     
   2.07589291666667        6.22367875000000      -0.275719110216158     
   2.07589291666667        6.51994916666667      -0.283759665370009     
   2.07589291666667        6.81621958333333      -0.288509538513664     
   2.07589291666667        7.11249000000000      -0.288430400496351     
   2.37216333333333       2.000000000000000E-003 -0.317107564782966     
   2.37216333333333       0.298270416666667      -0.315582119063424     
   2.37216333333333       0.594540833333333      -0.309305730497661     
   2.37216333333333       0.890811250000000      -0.299539895073900     
   2.37216333333333        1.18708166666667      -0.287859834593714     
   2.37216333333333        1.48335208333333      -0.275676076005130     
   2.37216333333333        1.77962250000000      -0.263940614989844     
   2.37216333333333        2.07589291666667      -0.253587528768726     
   2.37216333333333        2.37216333333333      -0.245231188902117     
   2.37216333333333        2.66843375000000      -0.238972157330754     
   2.37216333333333        2.96470416666667      -0.234507583777289     
   2.37216333333333        3.26097458333333      -0.231194038118987     
   2.37216333333333        3.55724500000000      -0.228386474116262     
   2.37216333333333        3.85351541666667      -0.225836025130399     
   2.37216333333333        4.14978583333333      -0.223761709911221     
   2.37216333333333        4.44605625000000      -0.222702074871513     
   2.37216333333333        4.74232666666667      -0.223170972798941     
   2.37216333333333        5.03859708333333      -0.225398090862045     
   2.37216333333333        5.33486750000000      -0.229299945830023     
   2.37216333333333        5.63113791666667      -0.234430066683668     
   2.37216333333333        5.92740833333333      -0.240133168372881     
   2.37216333333333        6.22367875000000      -0.245735688974805     
   2.37216333333333        6.51994916666667      -0.250234004607988     
   2.37216333333333        6.81621958333333      -0.252506300101872     
   2.37216333333333        7.11249000000000      -0.251654624455833     
   2.66843375000000       2.000000000000000E-003 -0.278074822927680     
   2.66843375000000       0.298270416666667      -0.277232341638038     
   2.66843375000000       0.594540833333333      -0.273206748456426     
   2.66843375000000       0.890811250000000      -0.266811496701792     
   2.66843375000000        1.18708166666667      -0.259061161023544     
   2.66843375000000        1.48335208333333      -0.250830136737835     
   2.66843375000000        1.77962250000000      -0.242808648276641     
   2.66843375000000        2.07589291666667      -0.235828623533754     
   2.66843375000000        2.37216333333333      -0.230356002500562     
   2.66843375000000        2.66843375000000      -0.226492634611982     
   2.66843375000000        2.96470416666667      -0.223884269267866     
   2.66843375000000        3.26097458333333      -0.221708681223174     
   2.66843375000000        3.55724500000000      -0.219325570141866     
   2.66843375000000        3.85351541666667      -0.216692748130003     
   2.66843375000000        4.14978583333333      -0.213986349582608     
   2.66843375000000        4.44605625000000      -0.211751405209774     
   2.66843375000000        4.74232666666667      -0.210644580017729     
   2.66843375000000        5.03859708333333      -0.210946923908012     
   2.66843375000000        5.33486750000000      -0.212583169807861     
   2.66843375000000        5.63113791666667      -0.215215176980212     
   2.66843375000000        5.92740833333333      -0.218257536974671     
   2.66843375000000        6.22367875000000      -0.221219115463595     
   2.66843375000000        6.51994916666667      -0.223466550495011     
   2.66843375000000        6.81621958333333      -0.224262224036652     
   2.66843375000000        7.11249000000000      -0.223014008807377     
   2.96470416666667       2.000000000000000E-003 -0.247476594799539     
   2.96470416666667       0.298270416666667      -0.247011053173144     
   2.96470416666667       0.594540833333333      -0.244394724832804     
   2.96470416666667       0.890811250000000      -0.240185371320649     
   2.96470416666667        1.18708166666667      -0.235058567766439     
   2.96470416666667        1.48335208333333      -0.229550506616728     
   2.96470416666667        1.77962250000000      -0.224285338640132     
   2.96470416666667        2.07589291666667      -0.219852302225730     
   2.96470416666667        2.37216333333333      -0.216633733339471     
   2.96470416666667        2.66843375000000      -0.214772114766641     
   2.96470416666667        2.96470416666667      -0.213835400988258     
   2.96470416666667        3.26097458333333      -0.212561020502718     
   2.96470416666667        3.55724500000000      -0.210289732840909     
   2.96470416666667        3.85351541666667      -0.207708258289116     
   2.96470416666667        4.14978583333333      -0.204510710853367     
   2.96470416666667        4.44605625000000      -0.201202917180174     
   2.96470416666667        4.74232666666667      -0.198777019306377     
   2.96470416666667        5.03859708333333      -0.197581311767682     
   2.96470416666667        5.33486750000000      -0.197511943815724     
   2.96470416666667        5.63113791666667      -0.198294647101800     
   2.96470416666667        5.92740833333333      -0.199515237622877     
   2.96470416666667        6.22367875000000      -0.200722970265743     
   2.96470416666667        6.51994916666667      -0.201521970490075     
   2.96470416666667        6.81621958333333      -0.201410823948359     
   2.96470416666667        7.11249000000000      -0.199975609533485     
   3.26097458333333       2.000000000000000E-003 -0.222569352038868     
   3.26097458333333       0.298270416666667      -0.222299520957333     
   3.26097458333333       0.594540833333333      -0.220581773761084     
   3.26097458333333       0.890811250000000      -0.217812657602419     
   3.26097458333333        1.18708166666667      -0.214457882231721     
   3.26097458333333        1.48335208333333      -0.210890707163273     
   3.26097458333333        1.77962250000000      -0.207591924505536     
   3.26097458333333        2.07589291666667      -0.204990389753736     
   3.26097458333333        2.37216333333333      -0.203355732088807     
   3.26097458333333        2.66843375000000      -0.202823666207916     
   3.26097458333333        2.96470416666667      -0.203079577576603     
   3.26097458333333        3.26097458333333      -0.202365728931663     
   3.26097458333333        3.55724500000000      -0.199717081837184     
   3.26097458333333        3.85351541666667      -0.197779733196965     
   3.26097458333333        4.14978583333333      -0.194329806341725     
   3.26097458333333        4.44605625000000      -0.190277451643672     
   3.26097458333333        4.74232666666667      -0.187030388204765     
   3.26097458333333        5.03859708333333      -0.184817666244637     
   3.26097458333333        5.33486750000000      -0.183532482433808     
   3.26097458333333        5.63113791666667      -0.182992923958265     
   3.26097458333333        5.92740833333333      -0.182910545006722     
   3.26097458333333        6.22367875000000      -0.182932150294697     
   3.26097458333333        6.51994916666667      -0.182779479101558     
   3.26097458333333        6.81621958333333      -0.182102959608627     
   3.26097458333333        7.11249000000000      -0.180605785219947     
   3.55724500000000       2.000000000000000E-003 -0.201204302679712     
   3.55724500000000       0.298270416666667      -0.201029073791373     
   3.55724500000000       0.594540833333333      -0.199916006750503     
   3.55724500000000       0.890811250000000      -0.198146473378709     
   3.55724500000000        1.18708166666667      -0.196046755963485     
   3.55724500000000        1.48335208333333      -0.193885216661863     
   3.55724500000000        1.77962250000000      -0.192015944151302     
   3.55724500000000        2.07589291666667      -0.190656909717753     
   3.55724500000000        2.37216333333333      -0.189900106052826     
   3.55724500000000        2.66843375000000      -0.189689361280559     
   3.55724500000000        2.96470416666667      -0.189823738439244     
   3.55724500000000        3.26097458333333      -0.189444303175504     
   3.55724500000000        3.55724500000000      -0.186503341470070     
   3.55724500000000        3.85351541666667      -0.185441941392612     
   3.55724500000000        4.14978583333333      -0.181864750736233     
   3.55724500000000        4.44605625000000      -0.178179164754056     
   3.55724500000000        4.74232666666667      -0.174943886500744     
   3.55724500000000        5.03859708333333      -0.172244811778835     
   3.55724500000000        5.33486750000000      -0.170143520803363     
   3.55724500000000        5.63113791666667      -0.168620843876181     
   3.55724500000000        5.92740833333333      -0.167566187240692     
   3.55724500000000        6.22367875000000      -0.166724152608646     
   3.55724500000000        6.51994916666667      -0.165896190018533     
   3.55724500000000        6.81621958333333      -0.164840693273818     
   3.55724500000000        7.11249000000000      -0.163350539095509     
   3.85351541666667       2.000000000000000E-003 -0.181775056061265     
   3.85351541666667       0.298270416666667      -0.181648415510850     
   3.85351541666667       0.594540833333333      -0.180998170327416     
   3.85351541666667       0.890811250000000      -0.180008438998101     
   3.85351541666667        1.18708166666667      -0.178893921573358     
   3.85351541666667        1.48335208333333      -0.177839730789023     
   3.85351541666667        1.77962250000000      -0.177048996927737     
   3.85351541666667        2.07589291666667      -0.176572918095331     
   3.85351541666667        2.37216333333333      -0.176306982874984     
   3.85351541666667        2.66843375000000      -0.176001883717732     
   3.85351541666667        2.96470416666667      -0.175554585595081     
   3.85351541666667        3.26097458333333      -0.175690772930536     
   3.85351541666667        3.55724500000000      -0.175174056178015     
   3.85351541666667        3.85351541666667      -0.171701303572452     
   3.85351541666667        4.14978583333333      -0.168148650799281     
   3.85351541666667        4.44605625000000      -0.165435751373762     
   3.85351541666667        4.74232666666667      -0.162589155794288     
   3.85351541666667        5.03859708333333      -0.159676064953440     
   3.85351541666667        5.33486750000000      -0.156976131753452     
   3.85351541666667        5.63113791666667      -0.154661981668936     
   3.85351541666667        5.92740833333333      -0.152781177797995     
   3.85351541666667        6.22367875000000      -0.151207088368401     
   3.85351541666667        6.51994916666667      -0.149810801418787     
   3.85351541666667        6.81621958333333      -0.148446415266036     
   3.85351541666667        7.11249000000000      -0.146989945139922     
   4.14978583333333       2.000000000000000E-003 -0.163124043197123     
   4.14978583333333       0.298270416666667      -0.163039272181584     
   4.14978583333333       0.594540833333333      -0.162821095748188     
   4.14978583333333       0.890811250000000      -0.162555287686901     
   4.14978583333333        1.18708166666667      -0.162341353332867     
   4.14978583333333        1.48335208333333      -0.162269889909851     
   4.14978583333333        1.77962250000000      -0.162416945234900     
   4.14978583333333        2.07589291666667      -0.162701574877782     
   4.14978583333333        2.37216333333333      -0.162930111863412     
   4.14978583333333        2.66843375000000      -0.162869276410414     
   4.14978583333333        2.96470416666667      -0.162534166174653     
   4.14978583333333        3.26097458333333      -0.162339025144099     
   4.14978583333333        3.55724500000000      -0.161392340664512     
   4.14978583333333        3.85351541666667      -0.158495037161643     
   4.14978583333333        4.14978583333333      -0.155627616299645     
   4.14978583333333        4.44605625000000      -0.153129453533672     
   4.14978583333333        4.74232666666667      -0.150283663446415     
   4.14978583333333        5.03859708333333      -0.147073195889971     
   4.14978583333333        5.33486750000000      -0.143792321106300     
   4.14978583333333        5.63113791666667      -0.140712681857024     
   4.14978583333333        5.92740833333333      -0.138012172747224     
   4.14978583333333        6.22367875000000      -0.135684407101786     
   4.14978583333333        6.51994916666667      -0.133689014270862     
   4.14978583333333        6.81621958333333      -0.131991472244488     
   4.14978583333333        7.11249000000000      -0.130560615195812     
   4.44605625000000       2.000000000000000E-003 -0.144355280487715     
   4.44605625000000       0.298270416666667      -0.144337894315437     
   4.44605625000000       0.594540833333333      -0.144613935727271     
   4.44605625000000       0.890811250000000      -0.145151981260030     
   4.44605625000000        1.18708166666667      -0.145907889735879     
   4.44605625000000        1.48335208333333      -0.146845271973673     
   4.44605625000000        1.77962250000000      -0.147938358345726     
   4.44605625000000        2.07589291666667      -0.149012777974446     
   4.44605625000000        2.37216333333333      -0.149835723950007     
   4.44605625000000        2.66843375000000      -0.150231092220317     
   4.44605625000000        2.96470416666667      -0.150176748825185     
   4.44605625000000        3.26097458333333      -0.149725246163996     
   4.44605625000000        3.55724500000000      -0.148532550654094     
   4.44605625000000        3.85351541666667      -0.146394157744487     
   4.44605625000000        4.14978583333333      -0.143915539968930     
   4.44605625000000        4.44605625000000      -0.141229958810060     
   4.44605625000000        4.74232666666667      -0.138051266933957     
   4.44605625000000        5.03859708333333      -0.134364310751111     
   4.44605625000000        5.33486750000000      -0.130390323955033     
   4.44605625000000        5.63113791666667      -0.126442490388240     
   4.44605625000000        5.92740833333333      -0.122804279413826     
   4.44605625000000        6.22367875000000      -0.119558476210351     
   4.44605625000000        6.51994916666667      -0.116803352296879     
   4.44605625000000        6.81621958333333      -0.114657674911276     
   4.44605625000000        7.11249000000000      -0.113210898684106     
   4.74232666666667       2.000000000000000E-003 -0.124600935460660     
   4.74232666666667       0.298270416666667      -0.124714340369121     
   4.74232666666667       0.594540833333333      -0.125652281214014     
   4.74232666666667       0.890811250000000      -0.127220041918043     
   4.74232666666667        1.18708166666667      -0.129174101008153     
   4.74232666666667        1.48335208333333      -0.131297462942533     
   4.74232666666667        1.77962250000000      -0.133451341611815     
   4.74232666666667        2.07589291666667      -0.135419021244686     
   4.74232666666667        2.37216333333333      -0.136928400743161     
   4.74232666666667        2.66843375000000      -0.137816134386533     
   4.74232666666667        2.96470416666667      -0.138030125504595     
   4.74232666666667        3.26097458333333      -0.137580696102194     
   4.74232666666667        3.55724500000000      -0.136440739795279     
   4.74232666666667        3.85351541666667      -0.134639511024515     
   4.74232666666667        4.14978583333333      -0.132298312673067     
   4.74232666666667        4.44605625000000      -0.129380675925839     
   4.74232666666667        4.74232666666667      -0.125753547421918     
   4.74232666666667        5.03859708333333      -0.121423463496652     
   4.74232666666667        5.33486750000000      -0.116577124464841     
   4.74232666666667        5.63113791666667      -0.111571110673033     
   4.74232666666667        5.92740833333333      -0.106720217351831     
   4.74232666666667        6.22367875000000      -0.102224150751673     
   4.74232666666667        6.51994916666667      -9.839163316266437E-002
   4.74232666666667        6.81621958333333      -9.556741948723214E-002
   4.74232666666667        7.11249000000000      -9.402080845894410E-002
   5.03859708333333       2.000000000000000E-003 -0.102765474313130     
   5.03859708333333       0.298270416666667      -0.103141529004824     
   5.03859708333333       0.594540833333333      -0.105085544259540     
   5.03859708333333       0.890811250000000      -0.108123410716833     
   5.03859708333333        1.18708166666667      -0.111711727207334     
   5.03859708333333        1.48335208333333      -0.115386969377114     
   5.03859708333333        1.77962250000000      -0.118837293500916     
   5.03859708333333        2.07589291666667      -0.121868378432359     
   5.03859708333333        2.37216333333333      -0.124196812859757     
   5.03859708333333        2.66843375000000      -0.125655347474307     
   5.03859708333333        2.96470416666667      -0.126215387911707     
   5.03859708333333        3.26097458333333      -0.125943839263348     
   5.03859708333333        3.55724500000000      -0.124924323167249     
   5.03859708333333        3.85351541666667      -0.123218435285713     
   5.03859708333333        4.14978583333333      -0.120804900243375     
   5.03859708333333        4.44605625000000      -0.117567662932875     
   5.03859708333333        4.74232666666667      -0.113369628083483     
   5.03859708333333        5.03859708333333      -0.108198432816490     
   5.03859708333333        5.33486750000000      -0.102239177193407     
   5.03859708333333        5.63113791666667      -9.585611106501395E-002
   5.03859708333333        5.92740833333333      -8.930352000015902E-002
   5.03859708333333        6.22367875000000      -8.298925186890778E-002
   5.03859708333333        6.51994916666667      -7.751615891544229E-002
   5.03859708333333        6.81621958333333      -7.358101400259867E-002
   5.03859708333333        7.11249000000000      -7.177401978454875E-002
   5.33486750000000       2.000000000000000E-003 -7.719624675891396E-002
   5.33486750000000       0.298270416666667      -7.812370795511062E-002
   5.33486750000000       0.594540833333333      -8.177055806762519E-002
   5.33486750000000       0.890811250000000      -8.711072335010506E-002
   5.33486750000000        1.18708166666667      -9.308370428033971E-002
   5.33486750000000        1.48335208333333      -9.890614882543526E-002
   5.33486750000000        1.77962250000000      -0.104101265857728     
   5.33486750000000        2.07589291666667      -0.108421893695656     
   5.33486750000000        2.37216333333333      -0.111740391401511     
   5.33486750000000        2.66843375000000      -0.113911772034296     
   5.33486750000000        2.96470416666667      -0.114944789485127     
   5.33486750000000        3.26097458333333      -0.114954073205130     
   5.33486750000000        3.55724500000000      -0.114063341669778     
   5.33486750000000        3.85351541666667      -0.112333489444791     
   5.33486750000000        4.14978583333333      -0.109694661331951     
   5.33486750000000        4.44605625000000      -0.105986496919906     
   5.33486750000000        4.74232666666667      -0.101038569447703     
   5.33486750000000        5.03859708333333      -9.480438417264066E-002
   5.33486750000000        5.33486750000000      -8.744221834437223E-002
   5.33486750000000        5.63113791666667      -7.910180097193885E-002
   5.33486750000000        5.92740833333333      -7.009492458970806E-002
   5.33486750000000        6.22367875000000      -6.103425192430079E-002
   5.33486750000000        6.51994916666667      -5.290478554369291E-002
   5.33486750000000        6.81621958333333      -4.701212804871152E-002
   5.33486750000000        7.11249000000000      -4.459712618346702E-002
   5.63113791666667       2.000000000000000E-003 -4.539650176614003E-002
   5.63113791666667       0.298270416666667      -4.746690774981054E-002
   5.63113791666667       0.594540833333333      -5.418856956810186E-002
   5.63113791666667       0.890811250000000      -6.333104697513257E-002
   5.63113791666667        1.18708166666667      -7.291636793440222E-002
   5.63113791666667        1.48335208333333      -8.175224425991719E-002
   5.63113791666667        1.77962250000000      -8.928798914302187E-002
   5.63113791666667        2.07589291666667      -9.531333750000796E-002
   5.63113791666667        2.37216333333333      -9.980356995040808E-002
   5.63113791666667        2.66843375000000      -0.102812272570254     
   5.63113791666667        2.96470416666667      -0.104428209947302     
   5.63113791666667        3.26097458333333      -0.104784801879002     
   5.63113791666667        3.55724500000000      -0.104029783907552     
   5.63113791666667        3.85351541666667      -0.102213122503039     
   5.63113791666667        4.14978583333333      -9.924915349898390E-002
   5.63113791666667        4.44605625000000      -9.493880231003481E-002
   5.63113791666667        4.74232666666667      -8.909296292535303E-002
   5.63113791666667        5.03859708333333      -8.157057606517468E-002
   5.63113791666667        5.33486750000000      -7.228056058825069E-002
   5.63113791666667        5.63113791666667      -6.124211608902603E-002
   5.63113791666667        5.92740833333333      -4.872843842716860E-002
   5.63113791666667        6.22367875000000      -3.543473058824068E-002
   5.63113791666667        6.51994916666667      -2.283408517459208E-002
   5.63113791666667        6.81621958333333      -1.332987950495189E-002
   5.63113791666667        7.11249000000000      -9.597385587295523E-003
   5.92740833333333       2.000000000000000E-003 -3.587134426831419E-003
   5.92740833333333       0.298270416666667      -8.002935654617269E-003
   5.92740833333333       0.594540833333333      -2.040738923056103E-002
   5.92740833333333       0.890811250000000      -3.593616158866039E-002
   5.92740833333333        1.18708166666667      -5.102085817408894E-002
   5.92740833333333        1.48335208333333      -6.405036148820065E-002
   5.92740833333333        1.77962250000000      -7.460140459729703E-002
   5.92740833333333        2.07589291666667      -8.273845364575845E-002
   5.92740833333333        2.37216333333333      -8.866488706922133E-002
   5.92740833333333        2.66843375000000      -9.262936976119462E-002
   5.92740833333333        2.96470416666667      -9.487387706978444E-002
   5.92740833333333        3.26097458333333      -9.561243288686128E-002
   5.92740833333333        3.55724500000000      -9.499852624751531E-002
   5.92740833333333        3.85351541666667      -9.307443974889913E-002
   5.92740833333333        4.14978583333333      -8.974052516422515E-002
   5.92740833333333        4.44605625000000      -8.477596484009207E-002
   5.92740833333333        4.74232666666667      -7.788794868774274E-002
   5.92740833333333        5.03859708333333      -6.875064902397106E-002
   5.92740833333333        5.33486750000000      -5.703679616205849E-002
   5.92740833333333        5.63113791666667      -4.249319841941411E-002
   5.92740833333333        5.92740833333333      -2.505606239765704E-002
   5.92740833333333        6.22367875000000      -5.261417936740916E-003
   5.92740833333333        6.51994916666667       1.491555498149456E-002
   5.92740833333333        6.81621958333333       3.115673181269337E-002
   5.92740833333333        7.11249000000000       3.764320373200943E-002
   6.22367875000000       2.000000000000000E-003  5.207580599650583E-002
   6.22367875000000       0.298270416666667       4.322076866466684E-002
   6.22367875000000       0.594540833333333       2.100714829693304E-002
   6.22367875000000       0.890811250000000      -4.642743858646290E-003
   6.22367875000000        1.18708166666667      -2.772077169874296E-002
   6.22367875000000        1.48335208333333      -4.630165713832397E-002
   6.22367875000000        1.77962250000000      -6.050622870733564E-002
   6.22367875000000        2.07589291666667      -7.102524078822584E-002
   6.22367875000000        2.37216333333333      -7.850831808894397E-002
   6.22367875000000        2.66843375000000      -8.348340777593509E-002
   6.22367875000000        2.96470416666667      -8.636674084718246E-002
   6.22367875000000        3.26097458333333      -8.747064823881057E-002
   6.22367875000000        3.55724500000000      -8.698914346719117E-002
   6.22367875000000        3.85351541666667      -8.496701481205796E-002
   6.22367875000000        4.14978583333333      -8.128084575886635E-002
   6.22367875000000        4.44605625000000      -7.564789247143308E-002
   6.22367875000000        4.74232666666667      -6.765250852818784E-002
   6.22367875000000        5.03859708333333      -5.676028612533843E-002
   6.22367875000000        5.33486750000000      -4.230960470477352E-002
   6.22367875000000        5.63113791666667      -2.351095771595463E-002
   6.22367875000000        5.92740833333333       4.572137989309527E-004
   6.22367875000000        6.22367875000000       2.972305900810741E-002
   6.22367875000000        6.51994916666667       6.194485277462383E-002
   6.22367875000000        6.81621958333333       8.986627648858311E-002
   6.22367875000000        7.11249000000000       0.101609792652394     
   6.51994916666667       2.000000000000000E-003  0.116700786596728     
   6.51994916666667       0.298270416666667       0.102362203500749     
   6.51994916666667       0.594540833333333       6.780592345903455E-002
   6.51994916666667       0.890811250000000       2.878051425279783E-002
   6.51994916666667        1.18708166666667      -4.563459686133964E-003
   6.51994916666667        1.48335208333333      -2.968123016830142E-002
   6.51994916666667        1.77962250000000      -4.779451942016753E-002
   6.51994916666667        2.07589291666667      -6.066373830665600E-002
   6.51994916666667        2.37216333333333      -6.960203049106446E-002
   6.51994916666667        2.66843375000000      -7.549244141927915E-002
   6.51994916666667        2.96470416666667      -7.894320146958322E-002
   6.51994916666667        3.26097458333333      -8.036696417928491E-002
   6.51994916666667        3.55724500000000      -8.000376103289601E-002
   6.51994916666667        3.85351541666667      -7.790584759268292E-002
   6.51994916666667        4.14978583333333      -7.392441699089057E-002
   6.51994916666667        4.44605625000000      -6.771191948176886E-002
   6.51994916666667        4.74232666666667      -5.872961466990642E-002
   6.51994916666667        5.03859708333333      -4.621594317172890E-002
   6.51994916666667        5.33486750000000      -2.908213611470045E-002
   6.51994916666667        5.63113791666667      -5.748026130733324E-003
   6.51994916666667        5.92740833333333       2.588713561245280E-002
   6.51994916666667        6.22367875000000       6.728438614213650E-002
   6.51994916666667        6.51994916666667       0.115417330057591     
   6.51994916666667        6.81621958333333       0.158100564479595     
   6.51994916666667        7.11249000000000       0.176373695298344     
   6.81621958333333       2.000000000000000E-003  0.164542082246677     
   6.81621958333333       0.298270416666667       0.149813054634009     
   6.81621958333333       0.594540833333333       0.110008921476678     
   6.81621958333333       0.890811250000000       5.831558519870070E-002
   6.81621958333333        1.18708166666667       1.484123204887295E-002
   6.81621958333333        1.48335208333333      -1.619669488309441E-002
   6.81621958333333        1.77962250000000      -3.755297048469556E-002
   6.81621958333333        2.07589291666667      -5.223726069647865E-002
   6.81621958333333        2.37216333333333      -6.224583603524857E-002
   6.81621958333333        2.66843375000000      -6.879235307521513E-002
   6.81621958333333        2.96470416666667      -7.264825875680300E-002
   6.81621958333333        3.26097458333333      -7.430535257398090E-002
   6.81621958333333        3.55724500000000      -7.403903399947451E-002
   6.81621958333333        3.85351541666667      -7.190777935549156E-002
   6.81621958333333        4.14978583333333      -6.774511890840022E-002
   6.81621958333333        4.44605625000000      -6.115560432544445E-002
   6.81621958333333        4.74232666666667      -5.150507396564846E-002
   6.81621958333333        5.03859708333333      -3.783953693336181E-002
   6.81621958333333        5.33486750000000      -1.867427843076288E-002
   6.81621958333333        5.63113791666667       8.379172579537294E-003
   6.81621958333333        5.92740833333333       4.689900591990728E-002
   6.81621958333333        6.22367875000000       0.100172149198688     
   6.81621958333333        6.51994916666667       0.163262273459653     
   6.81621958333333        6.81621958333333       0.212315270158882     
   6.81621958333333        7.11249000000000       0.231085795900915     
   7.11249000000000       2.000000000000000E-003  0.194484959892448     
   7.11249000000000       0.298270416666667       0.171624974006118     
   7.11249000000000       0.594540833333333       0.131218500465551     
   7.11249000000000       0.890811250000000       7.367345609629319E-002
   7.11249000000000        1.18708166666667       2.546187054092885E-002
   7.11249000000000        1.48335208333333      -8.150221207897672E-003
   7.11249000000000        1.77962250000000      -3.084295040466519E-002
   7.11249000000000        2.07589291666667      -4.624897375280506E-002
   7.11249000000000        2.37216333333333      -5.667889524383342E-002
   7.11249000000000        2.66843375000000      -6.348981803153199E-002
   7.11249000000000        2.96470416666667      -6.751891993865443E-002
   7.11249000000000        3.26097458333333      -6.929001221159203E-002
   7.11249000000000        3.55724500000000      -6.909308835457346E-002
   7.11249000000000        3.85351541666667      -6.698933716935948E-002
   7.11249000000000        4.14978583333333      -6.280587612577065E-002
   7.11249000000000        4.44605625000000      -5.612856249000546E-002
   7.11249000000000        4.74232666666667      -4.628576868378233E-002
   7.11249000000000        5.03859708333333      -3.224764733013068E-002
   7.11249000000000        5.33486750000000      -1.235571112958532E-002
   7.11249000000000        5.63113791666667       1.614492716693410E-002
   7.11249000000000        5.92740833333333       5.756365069886222E-002
   7.11249000000000        6.22367875000000       0.116270954146622     
   7.11249000000000        6.51994916666667       0.186101231648058     
   7.11249000000000        6.81621958333333       0.235775368990382     
   7.11249000000000        7.11249000000000       0.264161303651139     
