  2.000000000000000E-003  2.000000000000000E-003 -0.210149466007647     
  2.000000000000000E-003  0.298270416666667      -0.221229616315363     
  2.000000000000000E-003  0.594540833333333      -0.229307962891142     
  2.000000000000000E-003  0.890811250000000      -0.236024920865897     
  2.000000000000000E-003   1.18708166666667      -0.242901838251784     
  2.000000000000000E-003   1.48335208333333      -0.250377510189992     
  2.000000000000000E-003   1.77962250000000      -0.258488460550462     
  2.000000000000000E-003   2.07589291666667      -0.266962859660919     
  2.000000000000000E-003   2.37216333333333      -0.275298882807242     
  2.000000000000000E-003   2.66843375000000      -0.282845597836360     
  2.000000000000000E-003   2.96470416666667      -0.289102714167287     
  2.000000000000000E-003   3.26097458333333      -0.293475417693982     
  2.000000000000000E-003   3.55724500000000      -0.295459363804015     
  2.000000000000000E-003   3.85351541666667      -0.294858803569574     
  2.000000000000000E-003   4.14978583333333      -0.291878568143991     
  2.000000000000000E-003   4.44605625000000      -0.287041392207164     
  2.000000000000000E-003   4.74232666666667      -0.280969417810144     
  2.000000000000000E-003   5.03859708333333      -0.274190454615220     
  2.000000000000000E-003   5.33486750000000      -0.267386547053264     
  2.000000000000000E-003   5.63113791666667      -0.261057771620320     
  2.000000000000000E-003   5.92740833333333      -0.255468983786243     
  2.000000000000000E-003   6.22367875000000      -0.250587316455901     
  2.000000000000000E-003   6.51994916666667      -0.246014705813173     
  2.000000000000000E-003   6.81621958333333      -0.240274350303870     
  2.000000000000000E-003   7.11249000000000      -0.231279563961830     
  0.298270416666667       2.000000000000000E-003 -0.221146589565955     
  0.298270416666667       0.298270416666667      -0.232603267144214     
  0.298270416666667       0.594540833333333      -0.241242110112405     
  0.298270416666667       0.890811250000000      -0.248684065120507     
  0.298270416666667        1.18708166666667      -0.256851127597685     
  0.298270416666667        1.48335208333333      -0.266150085397342     
  0.298270416666667        1.77962250000000      -0.276422324708109     
  0.298270416666667        2.07589291666667      -0.287234549194873     
  0.298270416666667        2.37216333333333      -0.297833742468907     
  0.298270416666667        2.66843375000000      -0.307406718082203     
  0.298270416666667        2.96470416666667      -0.315306994001541     
  0.298270416666667        3.26097458333333      -0.320748335608957     
  0.298270416666667        3.55724500000000      -0.323069667661986     
  0.298270416666667        3.85351541666667      -0.322014811521752     
  0.298270416666667        4.14978583333333      -0.317849134080317     
  0.298270416666667        4.44605625000000      -0.311251327322746     
  0.298270416666667        4.74232666666667      -0.303033768202971     
  0.298270416666667        5.03859708333333      -0.293870055829184     
  0.298270416666667        5.33486750000000      -0.284597904721895     
  0.298270416666667        5.63113791666667      -0.275950149411590     
  0.298270416666667        5.92740833333333      -0.268318422919139     
  0.298270416666667        6.22367875000000      -0.261805773415457     
  0.298270416666667        6.51994916666667      -0.255999100893488     
  0.298270416666667        6.81621958333333      -0.249312670394239     
  0.298270416666667        7.11249000000000      -0.240356641529136     
  0.594540833333333       2.000000000000000E-003 -0.229164363619302     
  0.594540833333333       0.298270416666667      -0.241247732802947     
  0.594540833333333       0.594540833333333      -0.251169152639024     
  0.594540833333333       0.890811250000000      -0.260651977895906     
  0.594540833333333        1.18708166666667      -0.271251672027916     
  0.594540833333333        1.48335208333333      -0.283391522072911     
  0.594540833333333        1.77962250000000      -0.296826170324531     
  0.594540833333333        2.07589291666667      -0.310971200208625     
  0.594540833333333        2.37216333333333      -0.324846934384257     
  0.594540833333333        2.66843375000000      -0.337422951047386     
  0.594540833333333        2.96470416666667      -0.347800539052869     
  0.594540833333333        3.26097458333333      -0.354870569393437     
  0.594540833333333        3.55724500000000      -0.357724532667517     
  0.594540833333333        3.85351541666667      -0.356012938015130     
  0.594540833333333        4.14978583333333      -0.350096303752365     
  0.594540833333333        4.44605625000000      -0.340900443089644     
  0.594540833333333        4.74232666666667      -0.329558670236604     
  0.594540833333333        5.03859708333333      -0.316995297792004     
  0.594540833333333        5.33486750000000      -0.304256132101554     
  0.594540833333333        5.63113791666667      -0.292284171074384     
  0.594540833333333        5.92740833333333      -0.281600538531432     
  0.594540833333333        6.22367875000000      -0.272380737333234     
  0.594540833333333        6.51994916666667      -0.264231787655294     
  0.594540833333333        6.81621958333333      -0.255988621462424     
  0.594540833333333        7.11249000000000      -0.246159623077058     
  0.890811250000000       2.000000000000000E-003 -0.235831506298396     
  0.890811250000000       0.298270416666667      -0.248632523594780     
  0.890811250000000       0.594540833333333      -0.260643447253497     
  0.890811250000000       0.890811250000000      -0.273059597040450     
  0.890811250000000        1.18708166666667      -0.287067167312336     
  0.890811250000000        1.48335208333333      -0.303068727403610     
  0.890811250000000        1.77962250000000      -0.320857918468360     
  0.890811250000000        2.07589291666667      -0.339698164367982     
  0.890811250000000        2.37216333333333      -0.358228576583695     
  0.890811250000000        2.66843375000000      -0.375297499103025     
  0.890811250000000        2.96470416666667      -0.389460271276726     
  0.890811250000000        3.26097458333333      -0.399057305004608     
  0.890811250000000        3.55724500000000      -0.402762757014254     
  0.890811250000000        3.85351541666667      -0.400071153650396     
  0.890811250000000        4.14978583333333      -0.391502043279434     
  0.890811250000000        4.44605625000000      -0.378398287380893     
  0.890811250000000        4.74232666666667      -0.362439773404551     
  0.890811250000000        5.03859708333333      -0.345092542676551     
  0.890811250000000        5.33486750000000      -0.327520266206817     
  0.890811250000000        5.63113791666667      -0.311041113186856     
  0.890811250000000        5.92740833333333      -0.296330653460765     
  0.890811250000000        6.22367875000000      -0.283559071784769     
  0.890811250000000        6.51994916666667      -0.272388806422891     
  0.890811250000000        6.81621958333333      -0.261854895217174     
  0.890811250000000        7.11249000000000      -0.250781673132408     
   1.18708166666667       2.000000000000000E-003 -0.242678927173582     
   1.18708166666667       0.298270416666667      -0.256746015569446     
   1.18708166666667       0.594540833333333      -0.271210654746321     
   1.18708166666667       0.890811250000000      -0.287052214536534     
   1.18708166666667        1.18708166666667      -0.305232675294258     
   1.18708166666667        1.48335208333333      -0.326183617214609     
   1.18708166666667        1.77962250000000      -0.349732490821795     
   1.18708166666667        2.07589291666667      -0.374916324804658     
   1.18708166666667        2.37216333333333      -0.400193262818332     
   1.18708166666667        2.66843375000000      -0.423982446544796     
   1.18708166666667        2.96470416666667      -0.443956537778259     
   1.18708166666667        3.26097458333333      -0.457523416976996     
   1.18708166666667        3.55724500000000      -0.462605106403784     
   1.18708166666667        3.85351541666667      -0.458404811760662     
   1.18708166666667        4.14978583333333      -0.445738055923803     
   1.18708166666667        4.44605625000000      -0.426699401776432     
   1.18708166666667        4.74232666666667      -0.403895057335560     
   1.18708166666667        5.03859708333333      -0.379664896248265     
   1.18708166666667        5.33486750000000      -0.355600815115314     
   1.18708166666667        5.63113791666667      -0.333213576022049     
   1.18708166666667        5.92740833333333      -0.313411487051318     
   1.18708166666667        6.22367875000000      -0.296350675825720     
   1.18708166666667        6.51994916666667      -0.281646760557733     
   1.18708166666667        6.81621958333333      -0.268426481598768     
   1.18708166666667        7.11249000000000      -0.255693705189821     
   1.48335208333333       2.000000000000000E-003 -0.250145584170086     
   1.48335208333333       0.298270416666667      -0.266014568021232     
   1.48335208333333       0.594540833333333      -0.283321712136260     
   1.48335208333333       0.890811250000000      -0.303035618672812     
   1.48335208333333        1.18708166666667      -0.326170744609682     
   1.48335208333333        1.48335208333333      -0.353314810525446     
   1.48335208333333        1.77962250000000      -0.384296043593171     
   1.48335208333333        2.07589291666667      -0.417992974587979     
   1.48335208333333        2.37216333333333      -0.452991776368754     
   1.48335208333333        2.66843375000000      -0.486809708445643     
   1.48335208333333        2.96470416666667      -0.515816484261231     
   1.48335208333333        3.26097458333333      -0.535855141540960     
   1.48335208333333        3.55724500000000      -0.543248189088696     
   1.48335208333333        3.85351541666667      -0.536595242450919     
   1.48335208333333        4.14978583333333      -0.517323261446130     
   1.48335208333333        4.44605625000000      -0.489128760479459     
   1.48335208333333        4.74232666666667      -0.456172568941869     
   1.48335208333333        5.03859708333333      -0.422084719343123     
   1.48335208333333        5.33486750000000      -0.389348397557292     
   1.48335208333333        5.63113791666667      -0.359372708222736     
   1.48335208333333        5.92740833333333      -0.333234330421343     
   1.48335208333333        6.22367875000000      -0.311087466897509     
   1.48335208333333        6.51994916666667      -0.292367307171772     
   1.48335208333333        6.81621958333333      -0.276094963185787     
   1.48335208333333        7.11249000000000      -0.261293849285722     
   1.77962250000000       2.000000000000000E-003 -0.258265019701090     
   1.77962250000000       0.298270416666667      -0.276277588940865     
   1.77962250000000       0.594540833333333      -0.296740735259149     
   1.77962250000000       0.890811250000000      -0.320811128837810     
   1.77962250000000        1.18708166666667      -0.349709142664472     
   1.77962250000000        1.48335208333333      -0.384286960653169     
   1.77962250000000        1.77962250000000      -0.424495762696414     
   1.77962250000000        2.07589291666667      -0.469835894631017     
   1.77962250000000        2.37216333333333      -0.518638524268642     
   1.77962250000000        2.66843375000000      -0.567641140396460     
   1.77962250000000        2.96470416666667      -0.611362903709349     
   1.77962250000000        3.26097458333333      -0.642488553758817     
   1.77962250000000        3.55724500000000      -0.654038785807797     
   1.77962250000000        3.85351541666667      -0.643079009272948     
   1.77962250000000        4.14978583333333      -0.612579694036113     
   1.77962250000000        4.44605625000000      -0.569539868830484     
   1.77962250000000        4.74232666666667      -0.521276855313449     
   1.77962250000000        5.03859708333333      -0.473260477023220     
   1.77962250000000        5.33486750000000      -0.428734352846948     
   1.77962250000000        5.63113791666667      -0.389362613305872     
   1.77962250000000        5.92740833333333      -0.355637636693114     
   1.77962250000000        6.22367875000000      -0.327586621882264     
   1.77962250000000        6.51994916666667      -0.304361331155624     
   1.77962250000000        6.81621958333333      -0.284756911788365     
   1.77962250000000        7.11249000000000      -0.267616218365583     
   2.07589291666667       2.000000000000000E-003 -0.266762091736354     
   2.07589291666667       0.298270416666667      -0.287096987926915     
   2.07589291666667       0.594540833333333      -0.310883042697932     
   2.07589291666667       0.890811250000000      -0.339644851792614     
   2.07589291666667        1.18708166666667      -0.374885993174657     
   2.07589291666667        1.48335208333333      -0.417977512263945     
   2.07589291666667        1.77962250000000      -0.469829808613919     
   2.07589291666667        2.07589291666667      -0.530523884467000     
   2.07589291666667        2.37216333333333      -0.598824932903028     
   2.07589291666667        2.66843375000000      -0.671012317825404     
   2.07589291666667        2.96470416666667      -0.739082372383924     
   2.07589291666667        3.26097458333333      -0.790003569771400     
   2.07589291666667        3.55724500000000      -0.809323189986158     
   2.07589291666667        3.85351541666667      -0.790436444449199     
   2.07589291666667        4.14978583333333      -0.739998457372139     
   2.07589291666667        4.44605625000000      -0.672482280378778     
   2.07589291666667        4.74232666666667      -0.600912359484303     
   2.07589291666667        5.03859708333333      -0.533272938821359     
   2.07589291666667        5.33486750000000      -0.473265316958913     
   2.07589291666667        5.63113791666667      -0.422103968300737     
   2.07589291666667        5.92740833333333      -0.379707776297138     
   2.07589291666667        6.22367875000000      -0.345165589496702     
   2.07589291666667        6.51994916666667      -0.317104365051545     
   2.07589291666667        6.81621958333333      -0.294022976010948     
   2.07589291666667        7.11249000000000      -0.274397367200206     
   2.37216333333333       2.000000000000000E-003 -0.275131006408371     
   2.37216333333333       0.298270416666667      -0.297714248489563     
   2.37216333333333       0.594540833333333      -0.324765233933621     
   2.37216333333333       0.890811250000000      -0.358174777481757     
   2.37216333333333        1.18708166666667      -0.400159642888530     
   2.37216333333333        1.48335208333333      -0.452972270474111     
   2.37216333333333        1.77962250000000      -0.518627757122892     
   2.37216333333333        2.07589291666667      -0.598819819329972     
   2.37216333333333        2.37216333333333      -0.693985394650409     
   2.37216333333333        2.66843375000000      -0.801171946896024     
   2.37216333333333        2.96470416666667      -0.909753525594763     
   2.37216333333333        3.26097458333333      -0.996685534206786     
   2.37216333333333        3.55724500000000       -1.03098705789583     
   2.37216333333333        3.85351541666667      -0.996951587607399     
   2.37216333333333        4.14978583333333      -0.910362284244201     
   2.37216333333333        4.44605625000000      -0.802217512666199     
   2.37216333333333        4.74232666666667      -0.695535512050057     
   2.37216333333333        5.03859708333333      -0.600911800634852     
   2.37216333333333        5.33486750000000      -0.521279962067244     
   2.37216333333333        5.63113791666667      -0.456188511593948     
   2.37216333333333        5.92740833333333      -0.403933647483160     
   2.37216333333333        6.22367875000000      -0.362506324041711     
   2.37216333333333        6.51994916666667      -0.329655720658528     
   2.37216333333333        6.81621958333333      -0.303164468918411     
   2.37216333333333        7.11249000000000      -0.281140148907594     
   2.66843375000000       2.000000000000000E-003 -0.282714273651165     
   2.66843375000000       0.298270416666667      -0.307310321287702     
   2.66843375000000       0.594540833333333      -0.337353551881387     
   2.66843375000000       0.890811250000000      -0.375248789740162     
   2.66843375000000        1.18708166666667      -0.423949865430309     
   2.66843375000000        1.48335208333333      -0.486788948116186     
   2.66843375000000        1.77962250000000      -0.567627321844687     
   2.66843375000000        2.07589291666667      -0.671002894302231     
   2.66843375000000        2.37216333333333      -0.801166329084462     
   2.66843375000000        2.66843375000000      -0.958562537620202     
   2.66843375000000        2.96470416666667       -1.13067287669611     
   2.66843375000000        3.26097458333333       -1.27895636896795     
   2.66843375000000        3.55724500000000       -1.34072434489185     
   2.66843375000000        3.85351541666667       -1.27905031113851     
   2.66843375000000        4.14978583333333       -1.13098596314286     
   2.66843375000000        4.44605625000000      -0.959213445328268     
   2.66843375000000        4.74232666666667      -0.802218026870360     
   2.66843375000000        5.03859708333333      -0.672480446185249     
   2.66843375000000        5.33486750000000      -0.569539110505466     
   2.66843375000000        5.63113791666667      -0.489137228249708     
   2.66843375000000        5.92740833333333      -0.426726816955079     
   2.66843375000000        6.22367875000000      -0.378449345472052     
   2.66843375000000        6.51994916666667      -0.340975579961568     
   2.66843375000000        6.81621958333333      -0.311350995248212     
   2.66843375000000        7.11249000000000      -0.287169567470981     
   2.96470416666667       2.000000000000000E-003 -0.289012175510787     
   2.96470416666667       0.298270416666667      -0.315238935471504     
   2.96470416666667       0.594540833333333      -0.347749691373208     
   2.96470416666667       0.890811250000000      -0.389423044791596     
   2.96470416666667        1.18708166666667      -0.443930536236034     
   2.96470416666667        1.48335208333333      -0.515798569306911     
   2.96470416666667        1.77962250000000      -0.611349618110039     
   2.96470416666667        2.07589291666667      -0.739071383142689     
   2.96470416666667        2.37216333333333      -0.909743237730496     
   2.96470416666667        2.66843375000000       -1.13066426555314     
   2.96470416666667        2.96470416666667       -1.38555833272694     
   2.96470416666667        3.26097458333333       -1.61062283973473     
   2.96470416666667        3.55724500000000       -1.70614398328351     
   2.96470416666667        3.85351541666667       -1.61055774898003     
   2.96470416666667        4.14978583333333       -1.38563282351017     
   2.96470416666667        4.44605625000000       -1.13099305972375     
   2.96470416666667        4.74232666666667      -0.910366149797565     
   2.96470416666667        5.03859708333333      -0.739996777860781     
   2.96470416666667        5.33486750000000      -0.612575803704120     
   2.96470416666667        5.63113791666667      -0.517324186319920     
   2.96470416666667        5.92740833333333      -0.445752073706984     
   2.96470416666667        6.22367875000000      -0.391533373849706     
   2.96470416666667        6.51994916666667      -0.350144544647811     
   2.96470416666667        6.81621958333333      -0.317913448668541     
   2.96470416666667        7.11249000000000      -0.291961013754243     
   3.26097458333333       2.000000000000000E-003 -0.293429873670738     
   3.26097458333333       0.298270416666667      -0.320713753828540     
   3.26097458333333       0.594540833333333      -0.354844563154301     
   3.26097458333333       0.890811250000000      -0.399038195837885     
   3.26097458333333        1.18708166666667      -0.457510006327424     
   3.26097458333333        1.48335208333333      -0.535845467293999     
   3.26097458333333        1.77962250000000      -0.642480830311692     
   3.26097458333333        2.07589291666667      -0.789996249521397     
   3.26097458333333        2.37216333333333      -0.996676805798485     
   3.26097458333333        2.66843375000000       -1.27894445073977     
   3.26097458333333        2.96470416666667       -1.61060938390704     
   3.26097458333333        3.26097458333333       -1.86781684824590     
   3.26097458333333        3.55724500000000       -1.96569783065873     
   3.26097458333333        3.85351541666667       -1.86766592723620     
   3.26097458333333        4.14978583333333       -1.61057203667813     
   3.26097458333333        4.44605625000000       -1.27906276153967     
   3.26097458333333        4.74232666666667      -0.996956833075857     
   3.26097458333333        5.03859708333333      -0.790434704847110     
   3.26097458333333        5.33486750000000      -0.643073179476244     
   3.26097458333333        5.63113791666667      -0.536590309119928     
   3.26097458333333        5.92740833333333      -0.458406524829917     
   3.26097458333333        6.22367875000000      -0.400082602730411     
   3.26097458333333        6.51994916666667      -0.356033514791223     
   3.26097458333333        6.81621958333333      -0.322043056643358     
   3.26097458333333        7.11249000000000      -0.294895266006518     
   3.55724500000000       2.000000000000000E-003 -0.295461610291698     
   3.55724500000000       0.298270416666667      -0.323072305097173     
   3.55724500000000       0.594540833333333      -0.357728021780351     
   3.55724500000000       0.890811250000000      -0.402766728917656     
   3.55724500000000        1.18708166666667      -0.462608815000237     
   3.55724500000000        1.48335208333333      -0.543250893727327     
   3.55724500000000        1.77962250000000      -0.654040470523106     
   3.55724500000000        2.07589291666667      -0.809324378060697     
   3.55724500000000        2.37216333333333       -1.03098854685229     
   3.55724500000000        2.66843375000000       -1.34072698659153     
   3.55724500000000        2.96470416666667       -1.70614745202880     
   3.55724500000000        3.26097458333333       -1.96569979863265     
   3.55724500000000        3.55724500000000       -2.10676800733582     
   3.55724500000000        3.85351541666667       -1.96569659303126     
   3.55724500000000        4.14978583333333       -1.70614311886182     
   3.55724500000000        4.44605625000000       -1.34072533504876     
   3.55724500000000        4.74232666666667       -1.03098668813934     
   3.55724500000000        5.03859708333333      -0.809319211163039     
   3.55724500000000        5.33486750000000      -0.654031061654904     
   3.55724500000000        5.63113791666667      -0.543238719782929     
   3.55724500000000        5.92740833333333      -0.462596420101831     
   3.55724500000000        6.22367875000000      -0.402756077173470     
   3.55724500000000        6.51994916666667      -0.357718958902603     
   3.55724500000000        6.81621958333333      -0.323063219142864     
   3.55724500000000        7.11249000000000      -0.295450850437138     
   3.85351541666667       2.000000000000000E-003 -0.294909220014873     
   3.85351541666667       0.298270416666667      -0.322055577596381     
   3.85351541666667       0.594540833333333      -0.356047172394459     
   3.85351541666667       0.890811250000000      -0.400099491856168     
   3.85351541666667        1.18708166666667      -0.458426538811563     
   3.85351541666667        1.48335208333333      -0.536610582547265     
   3.85351541666667        1.77962250000000      -0.643089780110834     
   3.85351541666667        2.07589291666667      -0.790445399366729     
   3.85351541666667        2.37216333333333      -0.996962457255096     
   3.85351541666667        2.66843375000000       -1.27906676091403     
   3.85351541666667        2.96470416666667       -1.61057746917424     
   3.85351541666667        3.26097458333333       -1.86766993849486     
   3.85351541666667        3.55724500000000       -1.96569886594254     
   3.85351541666667        3.85351541666667       -1.86781395259598     
   3.85351541666667        4.14978583333333       -1.61060862115911     
   3.85351541666667        4.44605625000000       -1.27894635859645     
   3.85351541666667        4.74232666666667      -0.996678535209450     
   3.85351541666667        5.03859708333333      -0.789995825697878     
   3.85351541666667        5.33486750000000      -0.642477809045637     
   3.85351541666667        5.63113791666667      -0.535840676719603     
   3.85351541666667        5.92740833333333      -0.457504948397450     
   3.85351541666667        6.22367875000000      -0.399034004887970     
   3.85351541666667        6.51994916666667      -0.354840620609034     
   3.85351541666667        6.81621958333333      -0.320708700746975     
   3.85351541666667        7.11249000000000      -0.293422720809449     
   4.14978583333333       2.000000000000000E-003 -0.291974713816489     
   4.14978583333333       0.298270416666667      -0.317925489218609     
   4.14978583333333       0.594540833333333      -0.350158302371481     
   4.14978583333333       0.890811250000000      -0.391551387115719     
   4.14978583333333        1.18708166666667      -0.445774263044540     
   4.14978583333333        1.48335208333333      -0.517347200023023     
   4.14978583333333        1.77962250000000      -0.612594910206210     
   4.14978583333333        2.07589291666667      -0.740009118701200     
   4.14978583333333        2.37216333333333      -0.910372418913658     
   4.14978583333333        2.66843375000000       -1.13099673805295     
   4.14978583333333        2.96470416666667       -1.38563713806949     
   4.14978583333333        3.26097458333333       -1.61056259045187     
   4.14978583333333        3.55724500000000       -1.70614713134912     
   4.14978583333333        3.85351541666667       -1.61062496895498     
   4.14978583333333        4.14978583333333       -1.38556101230846     
   4.14978583333333        4.44605625000000       -1.13066739744666     
   4.14978583333333        4.74232666666667      -0.909744875415415     
   4.14978583333333        5.03859708333333      -0.739070850059372     
   4.14978583333333        5.33486750000000      -0.611347117342656     
   4.14978583333333        5.63113791666667      -0.515794928828308     
   4.14978583333333        5.92740833333333      -0.443927207179758     
   4.14978583333333        6.22367875000000      -0.389420869962215     
   4.14978583333333        6.51994916666667      -0.347747657833106     
   4.14978583333333        6.81621958333333      -0.315235479230364     
   4.14978583333333        7.11249000000000      -0.289006333541280     
   4.44605625000000       2.000000000000000E-003 -0.287178727446534     
   4.44605625000000       0.298270416666667      -0.311357754959669     
   4.44605625000000       0.594540833333333      -0.340983506133924     
   4.44605625000000       0.890811250000000      -0.378461340611901     
   4.44605625000000        1.18708166666667      -0.426743125887472     
   4.44605625000000        1.48335208333333      -0.489154822697101     
   4.44605625000000        1.77962250000000      -0.569553263839439     
   4.44605625000000        2.07589291666667      -0.672488294249334     
   4.44605625000000        2.37216333333333      -0.802220127857956     
   4.44605625000000        2.66843375000000      -0.959213104507649     
   4.44605625000000        2.96470416666667       -1.13098680945971     
   4.44605625000000        3.26097458333333       -1.27905357090068     
   4.44605625000000        3.55724500000000       -1.34072839878967     
   4.44605625000000        3.85351541666667       -1.27896071428206     
   4.44605625000000        4.14978583333333       -1.13067606474883     
   4.44605625000000        4.44605625000000      -0.958563139338822     
   4.44605625000000        4.74232666666667      -0.801163256568407     
   4.44605625000000        5.03859708333333      -0.670996038751152     
   4.44605625000000        5.33486750000000      -0.567617794155280     
   4.44605625000000        5.63113791666667      -0.486778330997997     
   4.44605625000000        5.92740833333333      -0.423940929608825     
   4.44605625000000        6.22367875000000      -0.375242590568896     
   4.44605625000000        6.51994916666667      -0.337348840252419     
   4.44605625000000        6.81621958333333      -0.307304971631054     
   4.44605625000000        7.11249000000000      -0.282706718223954     
   4.74232666666667       2.000000000000000E-003 -0.281142799140427     
   4.74232666666667       0.298270416666667      -0.303163443347317     
   4.74232666666667       0.594540833333333      -0.329654229504778     
   4.74232666666667       0.890811250000000      -0.362507381593641     
   4.74232666666667        1.18708166666667      -0.403938091992882     
   4.74232666666667        1.48335208333333      -0.456194451746864     
   4.74232666666667        1.77962250000000      -0.521283549602013     
   4.74232666666667        2.07589291666667      -0.600910543914860     
   4.74232666666667        2.37216333333333      -0.695529867760549     
   4.74232666666667        2.66843375000000      -0.802210428489706     
   4.74232666666667        2.96470416666667      -0.910357105936638     
   4.74232666666667        3.26097458333333      -0.996950074949005     
   4.74232666666667        3.55724500000000       -1.03098845327211     
   4.74232666666667        3.85351541666667      -0.996687897781529     
   4.74232666666667        4.14978583333333      -0.909754037933955     
   4.74232666666667        4.44605625000000      -0.801167952873084     
   4.74232666666667        4.74232666666667      -0.693974987158705     
   4.74232666666667        5.03859708333333      -0.598803021488187     
   4.74232666666667        5.33486750000000      -0.518606339450627     
   4.74232666666667        5.63113791666667      -0.452949826919205     
   4.74232666666667        5.92740833333333      -0.400140710558713     
   4.74232666666667        6.22367875000000      -0.358160955622566     
   4.74232666666667        6.51994916666667      -0.324755220413766     
   4.74232666666667        6.81621958333333      -0.297705191724808     
   4.74232666666667        7.11249000000000      -0.275120237248270     
   5.03859708333333       2.000000000000000E-003 -0.274395351209785     
   5.03859708333333       0.298270416666667      -0.294016031747615     
   5.03859708333333       0.594540833333333      -0.317094577665310     
   5.03859708333333       0.890811250000000      -0.345155783427194     
   5.03859708333333        1.18708166666667      -0.379699857127894     
   5.03859708333333        1.48335208333333      -0.422097577775902     
   5.03859708333333        1.77962250000000      -0.473258173437931     
   5.03859708333333        2.07589291666667      -0.533262867055325     
   5.03859708333333        2.37216333333333      -0.600899376680912     
   5.03859708333333        2.66843375000000      -0.672468633626056     
   5.03859708333333        2.96470416666667      -0.739987213524325     
   5.03859708333333        3.26097458333333      -0.790429487475122     
   5.03859708333333        3.55724500000000      -0.809320573095110     
   5.03859708333333        3.85351541666667      -0.790002984465038     
   5.03859708333333        4.14978583333333      -0.739080295330964     
   5.03859708333333        4.44605625000000      -0.671004547201870     
   5.03859708333333        4.74232666666667      -0.598808549046250     
   5.03859708333333        5.03859708333333      -0.530498359687155     
   5.03859708333333        5.33486750000000      -0.469797525751560     
   5.03859708333333        5.63113791666667      -0.417944820603662     
   5.03859708333333        5.92740833333333      -0.374858294139237     
   5.03859708333333        6.22367875000000      -0.339624399882300     
   5.03859708333333        6.51994916666667      -0.310868755914344     
   5.03859708333333        6.81621958333333      -0.287085438576264     
   5.03859708333333        7.11249000000000      -0.266749635733405     
   5.33486750000000       2.000000000000000E-003 -0.267612098719929     
   5.33486750000000       0.298270416666667      -0.284748016307700     
   5.33486750000000       0.594540833333333      -0.304348230977814     
   5.33486750000000       0.890811250000000      -0.327571097813272     
   5.33486750000000        1.18708166666667      -0.355622247283252     
   5.33486750000000        1.48335208333333      -0.389349100241995     
   5.33486750000000        1.77962250000000      -0.428721903262560     
   5.33486750000000        2.07589291666667      -0.473247119735163     
   5.33486750000000        2.37216333333333      -0.521261515672742     
   5.33486750000000        2.66843375000000      -0.569523596207224     
   5.33486750000000        2.96470416666667      -0.612564920021481     
   5.33486750000000        3.26097458333333      -0.643068167901167     
   5.33486750000000        3.55724500000000      -0.654032833894047     
   5.33486750000000        3.85351541666667      -0.642486024414191     
   5.33486750000000        4.14978583333333      -0.611360041127549     
   5.33486750000000        4.44605625000000      -0.567632944457880     
   5.33486750000000        4.74232666666667      -0.518620740204393     
   5.33486750000000        5.03859708333333      -0.469807348036126     
   5.33486750000000        5.33486750000000      -0.424460412632033     
   5.33486750000000        5.63113791666667      -0.384251196786902     
   5.33486750000000        5.92740833333333      -0.349678553281202     
   5.33486750000000        6.22367875000000      -0.320788236508495     
   5.33486750000000        6.51994916666667      -0.296724635858224     
   5.33486750000000        6.81621958333333      -0.276264938254602     
   5.33486750000000        7.11249000000000      -0.258251925394206     
   5.63113791666667       2.000000000000000E-003 -0.261288869490806     
   5.63113791666667       0.298270416666667      -0.276087206366881     
   5.63113791666667       0.594540833333333      -0.292355731101146     
   5.63113791666667       0.890811250000000      -0.311072567744728     
   5.63113791666667        1.18708166666667      -0.333218851422033     
   5.63113791666667        1.48335208333333      -0.359359649456979     
   5.63113791666667        1.77962250000000      -0.389338420634906     
   5.63113791666667        2.07589291666667      -0.422075690989730     
   5.63113791666667        2.37216333333333      -0.456161969620228     
   5.63113791666667        2.66843375000000      -0.489115884981825     
   5.63113791666667        2.96470416666667      -0.517309646414061     
   5.63113791666667        3.26097458333333      -0.536583878242495     
   5.63113791666667        3.55724500000000      -0.543241440108536     
   5.63113791666667        3.85351541666667      -0.535852802144978     
   5.63113791666667        4.14978583333333      -0.515815515816055     
   5.63113791666667        4.44605625000000      -0.486805003820190     
   5.63113791666667        4.74232666666667      -0.452978780615472     
   5.63113791666667        5.03859708333333      -0.417970531886841     
   5.63113791666667        5.33486750000000      -0.384267037762895     
   5.63113791666667        5.63113791666667      -0.353284557507409     
   5.63113791666667        5.92740833333333      -0.326143950844883     
   5.63113791666667        6.22367875000000      -0.303015212614256     
   5.63113791666667        6.51994916666667      -0.283307298311205     
   5.63113791666667        6.81621958333333      -0.266002842095206     
   5.63113791666667        7.11249000000000      -0.250132692231646     
   5.92740833333333       2.000000000000000E-003 -0.255687830525726     
   5.92740833333333       0.298270416666667      -0.268421587967894     
   5.92740833333333       0.594540833333333      -0.281639468007418     
   5.92740833333333       0.890811250000000      -0.296340073178038     
   5.92740833333333        1.18708166666667      -0.313400731421667     
   5.92740833333333        1.48335208333333      -0.333206507105275     
   5.92740833333333        1.77962250000000      -0.355598610001896     
   5.92740833333333        2.07589291666667      -0.379665125804435     
   5.92740833333333        2.37216333333333      -0.403893759251280     
   5.92740833333333        2.66843375000000      -0.426694237894939     
   5.92740833333333        2.96470416666667      -0.445729712497506     
   5.92740833333333        3.26097458333333      -0.458396388357824     
   5.92740833333333        3.55724500000000      -0.462600121610371     
   5.92740833333333        3.85351541666667      -0.457523394129936     
   5.92740833333333        4.14978583333333      -0.443959786036434     
   5.92740833333333        4.44605625000000      -0.423984689723810     
   5.92740833333333        4.74232666666667      -0.400190076437008     
   5.92740833333333        5.03859708333333      -0.374905652188749     
   5.92740833333333        5.33486750000000      -0.349715740230328     
   5.92740833333333        5.63113791666667      -0.326164225786952     
   5.92740833333333        5.92740833333333      -0.305214879098560     
   5.92740833333333        6.22367875000000      -0.287039189443882     
   5.92740833333333        6.51994916666667      -0.271202154336852     
   5.92740833333333        6.81621958333333      -0.256738074338490     
   5.92740833333333        7.11249000000000      -0.242667168150863     
   6.22367875000000       2.000000000000000E-003 -0.250774214114851     
   6.22367875000000       0.298270416666667      -0.261853835714410     
   6.22367875000000       0.594540833333333      -0.272385786908702     
   6.22367875000000       0.890811250000000      -0.283552286735797     
   6.22367875000000        1.18708166666667      -0.296324693617225     
   6.22367875000000        1.48335208333333      -0.311040424150487     
   6.22367875000000        1.77962250000000      -0.327525855736848     
   6.22367875000000        2.07589291666667      -0.345101370341417     
   6.22367875000000        2.37216333333333      -0.362446834534702     
   6.22367875000000        2.66843375000000      -0.378400318535684     
   6.22367875000000        2.96470416666667      -0.391499020966572     
   6.22367875000000        3.26097458333333      -0.400066166355875     
   6.22367875000000        3.55724500000000      -0.402760046332438     
   6.22367875000000        3.85351541666667      -0.399059675454009     
   6.22367875000000        4.14978583333333      -0.389467373751156     
   6.22367875000000        4.44605625000000      -0.375306032403151     
   6.22367875000000        4.74232666666667      -0.358234361576390     
   6.22367875000000        5.03859708333333      -0.339698681422961     
   6.22367875000000        5.33486750000000      -0.320853182905810     
   6.22367875000000        5.63113791666667      -0.303060715779195     
   6.22367875000000        5.92740833333333      -0.287059703909940     
   6.22367875000000        6.22367875000000      -0.273056384711387     
   6.22367875000000        6.51994916666667      -0.260644549941620     
   6.22367875000000        6.81621958333333      -0.248631641523729     
   6.22367875000000        7.11249000000000      -0.235821157453342     
   6.51994916666667       2.000000000000000E-003 -0.246150481211990     
   6.51994916666667       0.298270416666667      -0.255990654821395     
   6.51994916666667       0.594540833333333      -0.264228707203341     
   6.51994916666667       0.890811250000000      -0.272373856120298     
   6.51994916666667        1.18708166666667      -0.281596194038149     
   6.51994916666667        1.48335208333333      -0.292286217836601     
   6.51994916666667        1.77962250000000      -0.304264800437749     
   6.51994916666667        2.07589291666667      -0.317007233241085     
   6.51994916666667        2.37216333333333      -0.329568726028886     
   6.51994916666667        2.66843375000000      -0.340905127379068     
   6.51994916666667        2.96470416666667      -0.350095402804505     
   6.51994916666667        3.26097458333333      -0.356009340023645     
   6.51994916666667        3.55724500000000      -0.357722458594187     
   6.51994916666667        3.85351541666667      -0.354873057113231     
   6.51994916666667        4.14978583333333      -0.347808017229629     
   6.51994916666667        4.44605625000000      -0.337433066914867     
   6.51994916666667        4.74232666666667      -0.324856228638784     
   6.51994916666667        5.03859708333333      -0.310977204835813     
   6.51994916666667        5.33486750000000      -0.296828034954822     
   6.51994916666667        5.63113791666667      -0.283390320409698     
   6.51994916666667        5.92740833333333      -0.271250752492792     
   6.51994916666667        6.22367875000000      -0.260656044981775     
   6.51994916666667        6.51994916666667      -0.251180131124237     
   6.51994916666667        6.81621958333333      -0.241256526194735     
   6.51994916666667        7.11249000000000      -0.229155165737458     
   6.81621958333333       2.000000000000000E-003 -0.240348059285093     
   6.81621958333333       0.298270416666667      -0.249308941856569     
   6.81621958333333       0.594540833333333      -0.255989738433713     
   6.81621958333333       0.890811250000000      -0.261796731569900     
   6.81621958333333        1.18708166666667      -0.268313319298141     
   6.81621958333333        1.48335208333333      -0.275950723583044     
   6.81621958333333        1.77962250000000      -0.284603731031289     
   6.81621958333333        2.07589291666667      -0.293878239017605     
   6.81621958333333        2.37216333333333      -0.303040167344457     
   6.81621958333333        2.66843375000000      -0.311253243855414     
   6.81621958333333        2.96470416666667      -0.317846520441499     
   6.81621958333333        3.26097458333333      -0.322009905955394     
   6.81621958333333        3.55724500000000      -0.323065877442458     
   6.81621958333333        3.85351541666667      -0.320748091049101     
   6.81621958333333        4.14978583333333      -0.315310794613627     
   6.81621958333333        4.44605625000000      -0.307412891011574     
   6.81621958333333        4.74232666666667      -0.297839862270090     
   6.81621958333333        5.03859708333333      -0.287238828835082     
   6.81621958333333        5.33486750000000      -0.276423750258069     
   6.81621958333333        5.63113791666667      -0.266148847864455     
   6.81621958333333        5.92740833333333      -0.256849415261741     
   6.81621958333333        6.22367875000000      -0.248686276980338     
   6.81621958333333        6.51994916666667      -0.241252426072952     
   6.81621958333333        6.81621958333333      -0.232615155046533     
   6.81621958333333        7.11249000000000      -0.221138551278260     
   7.11249000000000       2.000000000000000E-003 -0.231273706162936     
   7.11249000000000       0.298270416666667      -0.240267381504083     
   7.11249000000000       0.594540833333333      -0.246008777641491     
   7.11249000000000       0.890811250000000      -0.250581030009977     
   7.11249000000000        1.18708166666667      -0.255463504502484     
   7.11249000000000        1.48335208333333      -0.261054518257583     
   7.11249000000000        1.77962250000000      -0.267385695399940     
   7.11249000000000        2.07589291666667      -0.274190495672167     
   7.11249000000000        2.37216333333333      -0.280968197369108     
   7.11249000000000        2.66843375000000      -0.287037628753923     
   7.11249000000000        2.96470416666667      -0.291872336961387     
   7.11249000000000        3.26097458333333      -0.294851633205007     
   7.11249000000000        3.55724500000000      -0.295453119148702     
   7.11249000000000        3.85351541666667      -0.293471284148764     
   7.11249000000000        4.14978583333333      -0.289100710408255     
   7.11249000000000        4.44605625000000      -0.282844807446489     
   7.11249000000000        4.74232666666667      -0.275297886197592     
   7.11249000000000        5.03859708333333      -0.266960886113186     
   7.11249000000000        5.33486750000000      -0.258484828581192     
   7.11249000000000        5.63113791666667      -0.250371424744804     
   7.11249000000000        5.92740833333333      -0.242893396943128     
   7.11249000000000        6.22367875000000      -0.236015129853753     
   7.11249000000000        6.51994916666667      -0.229297841927229     
   7.11249000000000        6.81621958333333      -0.221218404995654     
   7.11249000000000        7.11249000000000      -0.210142221000784     
