  2.000000000000000E-003  2.000000000000000E-003 -0.297620555832374     
  2.000000000000000E-003  0.298270416666667      -0.308455204497116     
  2.000000000000000E-003  0.594540833333333      -0.311961216274363     
  2.000000000000000E-003  0.890811250000000      -0.312020029637365     
  2.000000000000000E-003   1.18708166666667      -0.313071693617583     
  2.000000000000000E-003   1.48335208333333      -0.316663833782761     
  2.000000000000000E-003   1.77962250000000      -0.323171468283152     
  2.000000000000000E-003   2.07589291666667      -0.332378470957910     
  2.000000000000000E-003   2.37216333333333      -0.343740600795243     
  2.000000000000000E-003   2.66843375000000      -0.356592568580400     
  2.000000000000000E-003   2.96470416666667      -0.368200484447144     
  2.000000000000000E-003   3.26097458333333      -0.376194008734858     
  2.000000000000000E-003   3.55724500000000      -0.378855656821276     
  2.000000000000000E-003   3.85351541666667      -0.375459959878387     
  2.000000000000000E-003   4.14978583333333      -0.366733619854634     
  2.000000000000000E-003   4.44605625000000      -0.354396267506737     
  2.000000000000000E-003   4.74232666666667      -0.340820034736584     
  2.000000000000000E-003   5.03859708333333      -0.328738231362612     
  2.000000000000000E-003   5.33486750000000      -0.318820814247611     
  2.000000000000000E-003   5.63113791666667      -0.311612098182415     
  2.000000000000000E-003   5.92740833333333      -0.307332181876005     
  2.000000000000000E-003   6.22367875000000      -0.305619654543005     
  2.000000000000000E-003   6.51994916666667      -0.304957771903608     
  2.000000000000000E-003   6.81621958333333      -0.301007270785636     
  2.000000000000000E-003   7.11249000000000      -0.290139101125599     
  0.298270416666667       2.000000000000000E-003 -0.300989405853778     
  0.298270416666667       0.298270416666667      -0.302823041918506     
  0.298270416666667       0.594540833333333      -0.305546837632374     
  0.298270416666667       0.890811250000000      -0.307630199598846     
  0.298270416666667        1.18708166666667      -0.309908361066271     
  0.298270416666667        1.48335208333333      -0.314043252399192     
  0.298270416666667        1.77962250000000      -0.320729764284450     
  0.298270416666667        2.07589291666667      -0.329811288101982     
  0.298270416666667        2.37216333333333      -0.341040727075046     
  0.298270416666667        2.66843375000000      -0.353583993283865     
  0.298270416666667        2.96470416666667      -0.364837591071948     
  0.298270416666667        3.26097458333333      -0.372533806982252     
  0.298270416666667        3.55724500000000      -0.375061273601711     
  0.298270416666667        3.85351541666667      -0.371777379756761     
  0.298270416666667        4.14978583333333      -0.363326418422296     
  0.298270416666667        4.44605625000000      -0.351322320620371     
  0.298270416666667        4.74232666666667      -0.338035304930692     
  0.298270416666667        5.03859708333333      -0.326068235137795     
  0.298270416666667        5.33486750000000      -0.316251262141812     
  0.298270416666667        5.63113791666667      -0.308824730981541     
  0.298270416666667        5.92740833333333      -0.303935200832209     
  0.298270416666667        6.22367875000000      -0.300884100493526     
  0.298270416666667        6.51994916666667      -0.298041969214136     
  0.298270416666667        6.81621958333333      -0.294703106331700     
  0.298270416666667        7.11249000000000      -0.292676635419777     
  0.594540833333333       2.000000000000000E-003 -0.296471489419369     
  0.594540833333333       0.298270416666667      -0.297257324821917     
  0.594540833333333       0.594540833333333      -0.297332820548704     
  0.594540833333333       0.890811250000000      -0.299876222808922     
  0.594540833333333        1.18708166666667      -0.303386413395775     
  0.594540833333333        1.48335208333333      -0.308237122249028     
  0.594540833333333        1.77962250000000      -0.315036660102759     
  0.594540833333333        2.07589291666667      -0.323832064833759     
  0.594540833333333        2.37216333333333      -0.334495028839253     
  0.594540833333333        2.66843375000000      -0.346108875573983     
  0.594540833333333        2.96470416666667      -0.356376921381133     
  0.594540833333333        3.26097458333333      -0.363310368097467     
  0.594540833333333        3.55724500000000      -0.365528152528552     
  0.594540833333333        3.85351541666667      -0.362523901877856     
  0.594540833333333        4.14978583333333      -0.354806131983266     
  0.594540833333333        4.44605625000000      -0.343758936268574     
  0.594540833333333        4.74232666666667      -0.331374161655469     
  0.594540833333333        5.03859708333333      -0.319949291076217     
  0.594540833333333        5.33486750000000      -0.310393350684257     
  0.594540833333333        5.63113791666667      -0.302825195379351     
  0.594540833333333        5.92740833333333      -0.297187383626519     
  0.594540833333333        6.22367875000000      -0.292866325097894     
  0.594540833333333        6.51994916666667      -0.289502733754035     
  0.594540833333333        6.81621958333333      -0.288663904546795     
  0.594540833333333        7.11249000000000      -0.287532911183842     
  0.890811250000000       2.000000000000000E-003 -0.288102950528484     
  0.890811250000000       0.298270416666667      -0.290572817626706     
  0.890811250000000       0.594540833333333      -0.290910857353283     
  0.890811250000000       0.890811250000000      -0.292711494977967     
  0.890811250000000        1.18708166666667      -0.296059594403319     
  0.890811250000000        1.48335208333333      -0.300858011263544     
  0.890811250000000        1.77962250000000      -0.307265686272184     
  0.890811250000000        2.07589291666667      -0.315316754565246     
  0.890811250000000        2.37216333333333      -0.325031177501522     
  0.890811250000000        2.66843375000000      -0.335219575295316     
  0.890811250000000        2.96470416666667      -0.344095506930505     
  0.890811250000000        3.26097458333333      -0.350024683299218     
  0.890811250000000        3.55724500000000      -0.351861854454325     
  0.890811250000000        3.85351541666667      -0.349200574385936     
  0.890811250000000        4.14978583333333      -0.342450269185255     
  0.890811250000000        4.44605625000000      -0.332759173149694     
  0.890811250000000        4.74232666666667      -0.321764147659504     
  0.890811250000000        5.03859708333333      -0.311252902332438     
  0.890811250000000        5.33486750000000      -0.302410646105946     
  0.890811250000000        5.63113791666667      -0.295206063209275     
  0.890811250000000        5.92740833333333      -0.289597841103675     
  0.890811250000000        6.22367875000000      -0.285423084358086     
  0.890811250000000        6.51994916666667      -0.282793982075422     
  0.890811250000000        6.81621958333333      -0.281715519752021     
  0.890811250000000        7.11249000000000      -0.278837502788755     
   1.18708166666667       2.000000000000000E-003 -0.280196698453566     
   1.18708166666667       0.298270416666667      -0.283505745035627     
   1.18708166666667       0.594540833333333      -0.284813195750685     
   1.18708166666667       0.890811250000000      -0.286358417213957     
   1.18708166666667        1.18708166666667      -0.289049265814762     
   1.18708166666667        1.48335208333333      -0.293095839064197     
   1.18708166666667        1.77962250000000      -0.298593116240643     
   1.18708166666667        2.07589291666667      -0.305609255770058     
   1.18708166666667        2.37216333333333      -0.313932993767978     
   1.18708166666667        2.66843375000000      -0.322486522965540     
   1.18708166666667        2.96470416666667      -0.329912844374092     
   1.18708166666667        3.26097458333333      -0.334873186360883     
   1.18708166666667        3.55724500000000      -0.336360130212070     
   1.18708166666667        3.85351541666667      -0.333999246791743     
   1.18708166666667        4.14978583333333      -0.328170740682839     
   1.18708166666667        4.44605625000000      -0.319885002353643     
   1.18708166666667        4.74232666666667      -0.310481026361701     
   1.18708166666667        5.03859708333333      -0.301315027269140     
   1.18708166666667        5.33486750000000      -0.293464716180177     
   1.18708166666667        5.63113791666667      -0.287134156533574     
   1.18708166666667        5.92740833333333      -0.282250708393204     
   1.18708166666667        6.22367875000000      -0.278721624373627     
   1.18708166666667        6.51994916666667      -0.276359996616727     
   1.18708166666667        6.81621958333333      -0.274333120185523     
   1.18708166666667        7.11249000000000      -0.270523564045826     
   1.48335208333333       2.000000000000000E-003 -0.274190166834546     
   1.48335208333333       0.298270416666667      -0.277643314900287     
   1.48335208333333       0.594540833333333      -0.279405337699969     
   1.48335208333333       0.890811250000000      -0.280781058802741     
   1.48335208333333        1.18708166666667      -0.282706200298717     
   1.48335208333333        1.48335208333333      -0.285687866818597     
   1.48335208333333        1.77962250000000      -0.290001917437225     
   1.48335208333333        2.07589291666667      -0.295752631052193     
   1.48335208333333        2.37216333333333      -0.302569318987367     
   1.48335208333333        2.66843375000000      -0.309711908775522     
   1.48335208333333        2.96470416666667      -0.316152835620762     
   1.48335208333333        3.26097458333333      -0.320477513819085     
   1.48335208333333        3.55724500000000      -0.321768642405455     
   1.48335208333333        3.85351541666667      -0.319533749711714     
   1.48335208333333        4.14978583333333      -0.314278619984940     
   1.48335208333333        4.44605625000000      -0.306925792302255     
   1.48335208333333        4.74232666666667      -0.298883507312829     
   1.48335208333333        5.03859708333333      -0.291172888188204     
   1.48335208333333        5.33486750000000      -0.284531911987272     
   1.48335208333333        5.63113791666667      -0.279333837611522     
   1.48335208333333        5.92740833333333      -0.275474509391803     
   1.48335208333333        6.22367875000000      -0.272683551483261     
   1.48335208333333        6.51994916666667      -0.270475143423957     
   1.48335208333333        6.81621958333333      -0.267959323372525     
   1.48335208333333        7.11249000000000      -0.263886548093182     
   1.77962250000000       2.000000000000000E-003 -0.270407854332689     
   1.77962250000000       0.298270416666667      -0.273645114638799     
   1.77962250000000       0.594540833333333      -0.275296720395661     
   1.77962250000000       0.890811250000000      -0.276214645045411     
   1.77962250000000        1.18708166666667      -0.277253087397121     
   1.77962250000000        1.48335208333333      -0.279089871233871     
   1.77962250000000        1.77962250000000      -0.282159589597741     
   1.77962250000000        2.07589291666667      -0.286541889677045     
   1.77962250000000        2.37216333333333      -0.292070788960258     
   1.77962250000000        2.66843375000000      -0.298092803122597     
   1.77962250000000        2.96470416666667      -0.303597861165262     
   1.77962250000000        3.26097458333333      -0.307426100714760     
   1.77962250000000        3.55724500000000      -0.308457413964401     
   1.77962250000000        3.85351541666667      -0.306392979969760     
   1.77962250000000        4.14978583333333      -0.301556621377753     
   1.77962250000000        4.44605625000000      -0.295074983699843     
   1.77962250000000        4.74232666666667      -0.288097967535709     
   1.77962250000000        5.03859708333333      -0.281620601899884     
   1.77962250000000        5.33486750000000      -0.276286687479274     
   1.77962250000000        5.63113791666667      -0.272264635870019     
   1.77962250000000        5.92740833333333      -0.269484349697311     
   1.77962250000000        6.22367875000000      -0.267520611167668     
   1.77962250000000        6.51994916666667      -0.265709535861885     
   1.77962250000000        6.81621958333333      -0.263220943325792     
   1.77962250000000        7.11249000000000      -0.259226924261437     
   2.07589291666667       2.000000000000000E-003 -0.268665562380712     
   2.07589291666667       0.298270416666667      -0.271439921508540     
   2.07589291666667       0.594540833333333      -0.272605670879834     
   2.07589291666667       0.890811250000000      -0.272767888805612     
   2.07589291666667        1.18708166666667      -0.272826139190123     
   2.07589291666667        1.48335208333333      -0.273494761399761     
   2.07589291666667        1.77962250000000      -0.275274879878249     
   2.07589291666667        2.07589291666667      -0.278389708775520     
   2.07589291666667        2.37216333333333      -0.282618425852148     
   2.07589291666667        2.66843375000000      -0.287477249161514     
   2.07589291666667        2.96470416666667      -0.292200302422021     
   2.07589291666667        3.26097458333333      -0.295701494115856     
   2.07589291666667        3.55724500000000      -0.296674260949226     
   2.07589291666667        3.85351541666667      -0.294554808804479     
   2.07589291666667        4.14978583333333      -0.289955977136182     
   2.07589291666667        4.44605625000000      -0.284189571322656     
   2.07589291666667        4.74232666666667      -0.278316691566802     
   2.07589291666667        5.03859708333333      -0.273077261608911     
   2.07589291666667        5.33486750000000      -0.268941967861255     
   2.07589291666667        5.63113791666667      -0.266131990129654     
   2.07589291666667        5.92740833333333      -0.264430842853827     
   2.07589291666667        6.22367875000000      -0.263349517138454     
   2.07589291666667        6.51994916666667      -0.262189940384064     
   2.07589291666667        6.81621958333333      -0.260065662614543     
   2.07589291666667        7.11249000000000      -0.256383358442742     
   2.37216333333333       2.000000000000000E-003 -0.268490943154639     
   2.37216333333333       0.298270416666667      -0.270750261607050     
   2.37216333333333       0.594540833333333      -0.271191087440821     
   2.37216333333333       0.890811250000000      -0.270427629160864     
   2.37216333333333        1.18708166666667      -0.269308472734382     
   2.37216333333333        1.48335208333333      -0.268702273901151     
   2.37216333333333        1.77962250000000      -0.269287876748568     
   2.37216333333333        2.07589291666667      -0.271134560790141     
   2.37216333333333        2.37216333333333      -0.274069409979268     
   2.37216333333333        2.66843375000000      -0.277804026507272     
   2.37216333333333        2.96470416666667      -0.281880864850572     
   2.37216333333333        3.26097458333333      -0.285344248399077     
   2.37216333333333        3.55724500000000      -0.286418756141998     
   2.37216333333333        3.85351541666667      -0.284049576681707     
   2.37216333333333        4.14978583333333      -0.279391639450074     
   2.37216333333333        4.44605625000000      -0.274210184544299     
   2.37216333333333        4.74232666666667      -0.269402799444766     
   2.37216333333333        5.03859708333333      -0.265388593820803     
   2.37216333333333        5.33486750000000      -0.262441000475611     
   2.37216333333333        5.63113791666667      -0.260733749441117     
   2.37216333333333        5.92740833333333      -0.260206247482189     
   2.37216333333333        6.22367875000000      -0.260186544764781     
   2.37216333333333        6.51994916666667      -0.259818402984982     
   2.37216333333333        6.81621958333333      -0.258268419136619     
   2.37216333333333        7.11249000000000      -0.254934751278753     
   2.66843375000000       2.000000000000000E-003 -0.269324812641008     
   2.66843375000000       0.298270416666667      -0.270974263487106     
   2.66843375000000       0.594540833333333      -0.270475626746666     
   2.66843375000000       0.890811250000000      -0.268509617991213     
   2.66843375000000        1.18708166666667      -0.266065510176104     
   2.66843375000000        1.48335208333333      -0.264230207233282     
   2.66843375000000        1.77962250000000      -0.263702228739097     
   2.66843375000000        2.07589291666667      -0.264419933291688     
   2.66843375000000        2.37216333333333      -0.266273122660292     
   2.66843375000000        2.66843375000000      -0.268955492732529     
   2.66843375000000        2.96470416666667      -0.272246125869651     
   2.66843375000000        3.26097458333333      -0.275836519258588     
   2.66843375000000        3.55724500000000      -0.277341978960170     
   2.66843375000000        3.85351541666667      -0.274350462199213     
   2.66843375000000        4.14978583333333      -0.269480051601281     
   2.66843375000000        4.44605625000000      -0.265036129080135     
   2.66843375000000        4.74232666666667      -0.261216388875660     
   2.66843375000000        5.03859708333333      -0.258201238891762     
   2.66843375000000        5.33486750000000      -0.256287612378380     
   2.66843375000000        5.63113791666667      -0.255586728410453     
   2.66843375000000        5.92740833333333      -0.256170783318548     
   2.66843375000000        6.22367875000000      -0.257347301723116     
   2.66843375000000        6.51994916666667      -0.258037872802984     
   2.66843375000000        6.81621958333333      -0.257266788030210     
   2.66843375000000        7.11249000000000      -0.254366873446007     
   2.96470416666667       2.000000000000000E-003 -0.269642467580717     
   2.96470416666667       0.298270416666667      -0.270651942546146     
   2.96470416666667       0.594540833333333      -0.269161798129206     
   2.96470416666667       0.890811250000000      -0.265974995983627     
   2.96470416666667        1.18708166666667      -0.262256783340826     
   2.96470416666667        1.48335208333333      -0.259354724552215     
   2.96470416666667        1.77962250000000      -0.257789988831329     
   2.96470416666667        2.07589291666667      -0.257672913786841     
   2.96470416666667        2.37216333333333      -0.258904626146632     
   2.96470416666667        2.66843375000000      -0.260920612994118     
   2.96470416666667        2.96470416666667      -0.263167960284355     
   2.96470416666667        3.26097458333333      -0.266369562106388     
   2.96470416666667        3.55724500000000      -0.268722244591025     
   2.96470416666667        3.85351541666667      -0.264677105570337     
   2.96470416666667        4.14978583333333      -0.260154842471549     
   2.96470416666667        4.44605625000000      -0.256698405461586     
   2.96470416666667        4.74232666666667      -0.253453876717551     
   2.96470416666667        5.03859708333333      -0.250954629381722     
   2.96470416666667        5.33486750000000      -0.249762821422734     
   2.96470416666667        5.63113791666667      -0.249978160664643     
   2.96470416666667        5.92740833333333      -0.251496745276934     
   2.96470416666667        6.22367875000000      -0.253805215566643     
   2.96470416666667        6.51994916666667      -0.255562018190342     
   2.96470416666667        6.81621958333333      -0.255613020590427     
   2.96470416666667        7.11249000000000      -0.253168539322769     
   3.26097458333333       2.000000000000000E-003 -0.268094965549392     
   3.26097458333333       0.298270416666667      -0.268480586989831     
   3.26097458333333       0.594540833333333      -0.266088154541055     
   3.26097458333333       0.890811250000000      -0.261839921786537     
   3.26097458333333        1.18708166666667      -0.257033796458693     
   3.26097458333333        1.48335208333333      -0.253153213766000     
   3.26097458333333        1.77962250000000      -0.250731335414019     
   3.26097458333333        2.07589291666667      -0.250005961595475     
   3.26097458333333        2.37216333333333      -0.251056380979084     
   3.26097458333333        2.66843375000000      -0.253341736036412     
   3.26097458333333        2.96470416666667      -0.255576862041745     
   3.26097458333333        3.26097458333333      -0.256955591514121     
   3.26097458333333        3.55724500000000      -0.258619549095316     
   3.26097458333333        3.85351541666667      -0.255213433446641     
   3.26097458333333        4.14978583333333      -0.252454791296234     
   3.26097458333333        4.44605625000000      -0.248876844215648     
   3.26097458333333        4.74232666666667      -0.245227550711840     
   3.26097458333333        5.03859708333333      -0.242781549098646     
   3.26097458333333        5.33486750000000      -0.242070645289631     
   3.26097458333333        5.63113791666667      -0.243011777396094     
   3.26097458333333        5.92740833333333      -0.245368378250224     
   3.26097458333333        6.22367875000000      -0.248613205729459     
   3.26097458333333        6.51994916666667      -0.251267973898861     
   3.26097458333333        6.81621958333333      -0.252042829980244     
   3.26097458333333        7.11249000000000      -0.250027387493901     
   3.55724500000000       2.000000000000000E-003 -0.263678537804592     
   3.55724500000000       0.298270416666667      -0.263508709239091     
   3.55724500000000       0.594540833333333      -0.260425148487497     
   3.55724500000000       0.890811250000000      -0.255402857577176     
   3.55724500000000        1.18708166666667      -0.249775145090476     
   3.55724500000000        1.48335208333333      -0.245065400243445     
   3.55724500000000        1.77962250000000      -0.241788421522817     
   3.55724500000000        2.07589291666667      -0.240366707073853     
   3.55724500000000        2.37216333333333      -0.240967293719670     
   3.55724500000000        2.66843375000000      -0.243365243664586     
   3.55724500000000        2.96470416666667      -0.246527458354843     
   3.55724500000000        3.26097458333333      -0.247310371187662     
   3.55724500000000        3.55724500000000      -0.242934528073171     
   3.55724500000000        3.85351541666667      -0.245736660696879     
   3.55724500000000        4.14978583333333      -0.243382317593661     
   3.55724500000000        4.44605625000000      -0.238696328720846     
   3.55724500000000        4.74232666666667      -0.234785110378869     
   3.55724500000000        5.03859708333333      -0.232652094565387     
   3.55724500000000        5.33486750000000      -0.232502407197772     
   3.55724500000000        5.63113791666667      -0.234160435866753     
   3.55724500000000        5.92740833333333      -0.237200784738868     
   3.55724500000000        6.22367875000000      -0.241110253709608     
   3.55724500000000        6.51994916666667      -0.244368779463197     
   3.55724500000000        6.81621958333333      -0.245647023811279     
   3.55724500000000        7.11249000000000      -0.243979270320297     
   3.85351541666667       2.000000000000000E-003 -0.255953250854680     
   3.85351541666667       0.298270416666667      -0.255340999873285     
   3.85351541666667       0.594540833333333      -0.251856181797390     
   3.85351541666667       0.890811250000000      -0.246414110992362     
   3.85351541666667        1.18708166666667      -0.240276686516096     
   3.85351541666667        1.48335208333333      -0.234865784981953     
   3.85351541666667        1.77962250000000      -0.230806786127934     
   3.85351541666667        2.07589291666667      -0.228366112547457     
   3.85351541666667        2.37216333333333      -0.227679113127942     
   3.85351541666667        2.66843375000000      -0.228375034019172     
   3.85351541666667        2.96470416666667      -0.229490101917195     
   3.85351541666667        3.26097458333333      -0.230536189831113     
   3.85351541666667        3.55724500000000      -0.232332196218667     
   3.85351541666667        3.85351541666667      -0.229086892794381     
   3.85351541666667        4.14978583333333      -0.226325692114167     
   3.85351541666667        4.44605625000000      -0.223527378303101     
   3.85351541666667        4.74232666666667      -0.221174766680209     
   3.85351541666667        5.03859708333333      -0.220190905247245     
   3.85351541666667        5.33486750000000      -0.220920526054680     
   3.85351541666667        5.63113791666667      -0.223216918461955     
   3.85351541666667        5.92740833333333      -0.226807456756162     
   3.85351541666667        6.22367875000000      -0.231064379945523     
   3.85351541666667        6.51994916666667      -0.234565078745942     
   3.85351541666667        6.81621958333333      -0.236046275492385     
   3.85351541666667        7.11249000000000      -0.234598396820408     
   4.14978583333333       2.000000000000000E-003 -0.245302777485689     
   4.14978583333333       0.298270416666667      -0.244321437012381     
   4.14978583333333       0.594540833333333      -0.240661703089945     
   4.14978583333333       0.890811250000000      -0.235114169166096     
   4.14978583333333        1.18708166666667      -0.228783106412709     
   4.14978583333333        1.48335208333333      -0.222904135594250     
   4.14978583333333        1.77962250000000      -0.218103468436728     
   4.14978583333333        2.07589291666667      -0.214591093128363     
   4.14978583333333        2.37216333333333      -0.212391586543781     
   4.14978583333333        2.66843375000000      -0.211263311737994     
   4.14978583333333        2.96470416666667      -0.211173598284022     
   4.14978583333333        3.26097458333333      -0.213326981597145     
   4.14978583333333        3.55724500000000      -0.215688640550588     
   4.14978583333333        3.85351541666667      -0.211840766246250     
   4.14978583333333        4.14978583333333      -0.207945380943389     
   4.14978583333333        4.44605625000000      -0.206240812381522     
   4.14978583333333        4.74232666666667      -0.205583178813746     
   4.14978583333333        5.03859708333333      -0.205976221124507     
   4.14978583333333        5.33486750000000      -0.207634954830323     
   4.14978583333333        5.63113791666667      -0.210522573830735     
   4.14978583333333        5.92740833333333      -0.214420776203869     
   4.14978583333333        6.22367875000000      -0.218699669451516     
   4.14978583333333        6.51994916666667      -0.222117122722511     
   4.14978583333333        6.81621958333333      -0.223561617487461     
   4.14978583333333        7.11249000000000      -0.222244772332489     
   4.44605625000000       2.000000000000000E-003 -0.232674775668608     
   4.44605625000000       0.298270416666667      -0.231344949259626     
   4.44605625000000       0.594540833333333      -0.227620041145844     
   4.44605625000000       0.890811250000000      -0.222159425281553     
   4.44605625000000        1.18708166666667      -0.215871882956630     
   4.44605625000000        1.48335208333333      -0.209720201380024     
   4.44605625000000        1.77962250000000      -0.204381306011022     
   4.44605625000000        2.07589291666667      -0.199995236413655     
   4.44605625000000        2.37216333333333      -0.196639949006629     
   4.44605625000000        2.66843375000000      -0.194398181540400     
   4.44605625000000        2.96470416666667      -0.193614179658848     
   4.44605625000000        3.26097458333333      -0.194576794750048     
   4.44605625000000        3.55724500000000      -0.195203309437322     
   4.44605625000000        3.85351541666667      -0.192942992132675     
   4.44605625000000        4.14978583333333      -0.190213798842280     
   4.44605625000000        4.44605625000000      -0.189150078269542     
   4.44605625000000        4.74232666666667      -0.189508130968391     
   4.44605625000000        5.03859708333333      -0.190932707025095     
   4.44605625000000        5.33486750000000      -0.193321806761900     
   4.44605625000000        5.63113791666667      -0.196588419028896     
   4.44605625000000        5.92740833333333      -0.200586606538066     
   4.44605625000000        6.22367875000000      -0.204635564689108     
   4.44605625000000        6.51994916666667      -0.207760801805428     
   4.44605625000000        6.81621958333333      -0.209041232512890     
   4.44605625000000        7.11249000000000      -0.207818083421654     
   4.74232666666667       2.000000000000000E-003 -0.219359654500627     
   4.74232666666667       0.298270416666667      -0.217646962924621     
   4.74232666666667       0.594540833333333      -0.213822458160885     
   4.74232666666667       0.890811250000000      -0.208452946990364     
   4.74232666666667        1.18708166666667      -0.202272135858427     
   4.74232666666667        1.48335208333333      -0.196014588305647     
   4.74232666666667        1.77962250000000      -0.190251800121702     
   4.74232666666667        2.07589291666667      -0.185192630072753     
   4.74232666666667        2.37216333333333      -0.180963673125338     
   4.74232666666667        2.66843375000000      -0.177770137150708     
   4.74232666666667        2.96470416666667      -0.175869666429739     
   4.74232666666667        3.26097458333333      -0.175164289598625     
   4.74232666666667        3.55724500000000      -0.174618145243222     
   4.74232666666667        3.85351541666667      -0.173383360868607     
   4.74232666666667        4.14978583333333      -0.172248292661957     
   4.74232666666667        4.44605625000000      -0.172242649828953     
   4.74232666666667        4.74232666666667      -0.173466902003241     
   4.74232666666667        5.03859708333333      -0.175648483333906     
   4.74232666666667        5.33486750000000      -0.178566821291130     
   4.74232666666667        5.63113791666667      -0.182089622193473     
   4.74232666666667        5.92740833333333      -0.186007911146971     
   4.74232666666667        6.22367875000000      -0.189746364634659     
   4.74232666666667        6.51994916666667      -0.192553341097187     
   4.74232666666667        6.81621958333333      -0.193678917672061     
   4.74232666666667        7.11249000000000      -0.192560923110155     
   5.03859708333333       2.000000000000000E-003 -0.206798963096594     
   5.03859708333333       0.298270416666667      -0.204593124203395     
   5.03859708333333       0.594540833333333      -0.200475231597804     
   5.03859708333333       0.890811250000000      -0.194942808551273     
   5.03859708333333        1.18708166666667      -0.188704032251854     
   5.03859708333333        1.48335208333333      -0.182308348571664     
   5.03859708333333        1.77962250000000      -0.176171989539031     
   5.03859708333333        2.07589291666667      -0.170525266611707     
   5.03859708333333        2.37216333333333      -0.165504915947976     
   5.03859708333333        2.66843375000000      -0.161350072298316     
   5.03859708333333        2.96470416666667      -0.158292981609289     
   5.03859708333333        3.26097458333333      -0.156317347498080     
   5.03859708333333        3.55724500000000      -0.155107314104802     
   5.03859708333333        3.85351541666667      -0.154406284262622     
   5.03859708333333        4.14978583333333      -0.154443456551876     
   5.03859708333333        4.44605625000000      -0.155513041324005     
   5.03859708333333        4.74232666666667      -0.157605314458989     
   5.03859708333333        5.03859708333333      -0.160459622000747     
   5.03859708333333        5.33486750000000      -0.163818929155440     
   5.03859708333333        5.63113791666667      -0.167541634836254     
   5.03859708333333        5.92740833333333      -0.171404027975865     
   5.03859708333333        6.22367875000000      -0.174982943811337     
   5.03859708333333        6.51994916666667      -0.177699286404329     
   5.03859708333333        6.81621958333333      -0.178820105535209     
   5.03859708333333        7.11249000000000      -0.177878079425647     
   5.33486750000000       2.000000000000000E-003 -0.195321782388892     
   5.33486750000000       0.298270416666667      -0.192620260238732     
   5.33486750000000       0.594540833333333      -0.188076445716996     
   5.33486750000000       0.890811250000000      -0.182254035321945     
   5.33486750000000        1.18708166666667      -0.175730097805325     
   5.33486750000000        1.48335208333333      -0.169009817087495     
   5.33486750000000        1.77962250000000      -0.162440424676051     
   5.33486750000000        2.07589291666667      -0.156207878157223     
   5.33486750000000        2.37216333333333      -0.150440467405995     
   5.33486750000000        2.66843375000000      -0.145384251594624     
   5.33486750000000        2.96470416666667      -0.141335078461718     
   5.33486750000000        3.26097458333333      -0.138475172940346     
   5.33486750000000        3.55724500000000      -0.136873381295764     
   5.33486750000000        3.85351541666667      -0.136447896981068     
   5.33486750000000        4.14978583333333      -0.137265024476504     
   5.33486750000000        4.44605625000000      -0.139229049003542     
   5.33486750000000        4.74232666666667      -0.142117688382435     
   5.33486750000000        5.03859708333333      -0.145593973910596     
   5.33486750000000        5.33486750000000      -0.149385848303116     
   5.33486750000000        5.63113791666667      -0.153367463457885     
   5.33486750000000        5.92740833333333      -0.157361199962410     
   5.33486750000000        6.22367875000000      -0.160975058080215     
   5.33486750000000        6.51994916666667      -0.163658573812703     
   5.33486750000000        6.81621958333333      -0.164845042524331     
   5.33486750000000        7.11249000000000      -0.164053612097423     
   5.63113791666667       2.000000000000000E-003 -0.185148854770922     
   5.63113791666667       0.298270416666667      -0.181833725523475     
   5.63113791666667       0.594540833333333      -0.176725458563707     
   5.63113791666667       0.890811250000000      -0.170447820049926     
   5.63113791666667        1.18708166666667      -0.163524798636891     
   5.63113791666667        1.48335208333333      -0.156369339903136     
   5.63113791666667        1.77962250000000      -0.149270707498982     
   5.63113791666667        2.07589291666667      -0.142374565165519     
   5.63113791666667        2.37216333333333      -0.135884174455240     
   5.63113791666667        2.66843375000000      -0.130066850524811     
   5.63113791666667        2.96470416666667      -0.125212495338016     
   5.63113791666667        3.26097458333333      -0.121746599033574     
   5.63113791666667        3.55724500000000      -0.119838244422108     
   5.63113791666667        3.85351541666667      -0.119616941153680     
   5.63113791666667        4.14978583333333      -0.120939288594707     
   5.63113791666667        4.44605625000000      -0.123604671817605     
   5.63113791666667        4.74232666666667      -0.127136864181098     
   5.63113791666667        5.03859708333333      -0.131197779747982     
   5.63113791666667        5.33486750000000      -0.135498035762649     
   5.63113791666667        5.63113791666667      -0.139836133373351     
   5.63113791666667        5.92740833333333      -0.144034882932933     
   5.63113791666667        6.22367875000000      -0.147745512490137     
   5.63113791666667        6.51994916666667      -0.150503001908869     
   5.63113791666667        6.81621958333333      -0.151821004960493     
   5.63113791666667        7.11249000000000      -0.151260362917250     
   5.92740833333333       2.000000000000000E-003 -0.176352856469786     
   5.92740833333333       0.298270416666667      -0.172339223861857     
   5.92740833333333       0.594540833333333      -0.166498777788083     
   5.92740833333333       0.890811250000000      -0.159628819770807     
   5.92740833333333        1.18708166666667      -0.152211634784653     
   5.92740833333333        1.48335208333333      -0.144536056999809     
   5.92740833333333        1.77962250000000      -0.136843898482292     
   5.92740833333333        2.07589291666667      -0.129278581562778     
   5.92740833333333        2.37216333333333      -0.121948130218905     
   5.92740833333333        2.66843375000000      -0.115300423433656     
   5.92740833333333        2.96470416666667      -0.109808937402471     
   5.92740833333333        3.26097458333333      -0.105881308031697     
   5.92740833333333        3.55724500000000      -0.103800590450773     
   5.92740833333333        3.85351541666667      -0.103664131613364     
   5.92740833333333        4.14978583333333      -0.105352504252913     
   5.92740833333333        4.44605625000000      -0.108544084172547     
   5.92740833333333        4.74232666666667      -0.112779278333590     
   5.92740833333333        5.03859708333333      -0.117540201464016     
   5.92740833333333        5.33486750000000      -0.122358452849011     
   5.92740833333333        5.63113791666667      -0.127087386647663     
   5.92740833333333        5.92740833333333      -0.131535149523211     
   5.92740833333333        6.22367875000000      -0.135411497830969     
   5.92740833333333        6.51994916666667      -0.138343568309500     
   5.92740833333333        6.81621958333333      -0.139867465444878     
   5.92740833333333        7.11249000000000      -0.139565187457573     
   6.22367875000000       2.000000000000000E-003 -0.168784894456523     
   6.22367875000000       0.298270416666667      -0.163957294394697     
   6.22367875000000       0.594540833333333      -0.157290067396560     
   6.22367875000000       0.890811250000000      -0.149852426784098     
   6.22367875000000        1.18708166666667      -0.141932618067287     
   6.22367875000000        1.48335208333333      -0.133715260627898     
   6.22367875000000        1.77962250000000      -0.125421237959873     
   6.22367875000000        2.07589291666667      -0.117225668385676     
   6.22367875000000        2.37216333333333      -0.109108637906818     
   6.22367875000000        2.66843375000000      -0.101555657794183     
   6.22367875000000        2.96470416666667      -9.526124282811425E-002
   6.22367875000000        3.26097458333333      -9.078829150626364E-002
   6.22367875000000        3.55724500000000      -8.849448045682291E-002
   6.22367875000000        3.85351541666667      -8.849116270301076E-002
   6.22367875000000        4.14978583333333      -9.063343746533054E-002
   6.22367875000000        4.44605625000000      -9.451948046738159E-002
   6.22367875000000        4.74232666666667      -9.953681342536888E-002
   6.22367875000000        5.03859708333333      -0.104953223206903     
   6.22367875000000        5.33486750000000      -0.110239255599407     
   6.22367875000000        5.63113791666667      -0.115314521113392     
   6.22367875000000        5.92740833333333      -0.119975018557688     
   6.22367875000000        6.22367875000000      -0.124009275812553     
   6.22367875000000        6.51994916666667      -0.127139666900056     
   6.22367875000000        6.81621958333333      -0.128919968702696     
   6.22367875000000        7.11249000000000      -0.128903943973369     
   6.51994916666667       2.000000000000000E-003 -0.161983323287622     
   6.51994916666667       0.298270416666667      -0.156256505827953     
   6.51994916666667       0.594540833333333      -0.148981186244082     
   6.51994916666667       0.890811250000000      -0.141172737288296     
   6.51994916666667        1.18708166666667      -0.132792143923597     
   6.51994916666667        1.48335208333333      -0.124076458092067     
   6.51994916666667        1.77962250000000      -0.115247763273381     
   6.51994916666667        2.07589291666667      -0.106491351949470     
   6.51994916666667        2.37216333333333      -9.781656390020860E-002
   6.51994916666667        2.66843375000000      -8.949775345672861E-002
   6.51994916666667        2.96470416666667      -8.247279311081135E-002
   6.51994916666667        3.26097458333333      -7.747413062767138E-002
   6.51994916666667        3.55724500000000      -7.496754971039182E-002
   6.51994916666667        3.85351541666667      -7.510555571452771E-002
   6.51994916666667        4.14978583333333      -7.769128656556692E-002
   6.51994916666667        4.44605625000000      -8.221001438443913E-002
   6.51994916666667        4.74232666666667      -8.788319777338888E-002
   6.51994916666667        5.03859708333333      -9.374319602885192E-002
   6.51994916666667        5.33486750000000      -9.940078980460527E-002
   6.51994916666667        5.63113791666667      -0.104695095966279     
   6.51994916666667        5.92740833333333      -0.109416032353677     
   6.51994916666667        6.22367875000000      -0.113458329406570     
   6.51994916666667        6.51994916666667      -0.116716078098063     
   6.51994916666667        6.81621958333333      -0.118828865653726     
   6.51994916666667        7.11249000000000      -0.119148546449651     
   6.81621958333333       2.000000000000000E-003 -0.154679271975747     
   6.81621958333333       0.298270416666667      -0.148827781939459     
   6.81621958333333       0.594540833333333      -0.141756903808709     
   6.81621958333333       0.890811250000000      -0.133621193313558     
   6.81621958333333        1.18708166666667      -0.124795065956740     
   6.81621958333333        1.48335208333333      -0.115689279893783     
   6.81621958333333        1.77962250000000      -0.106508136591244     
   6.81621958333333        2.07589291666667      -9.742705691105827E-002
   6.81621958333333        2.37216333333333      -8.841165021541568E-002
   6.81621958333333        2.66843375000000      -7.961073373748781E-002
   6.81621958333333        2.96470416666667      -7.208763245635035E-002
   6.81621958333333        3.26097458333333      -6.670409215540538E-002
   6.81621958333333        3.55724500000000      -6.402938774465954E-002
   6.81621958333333        3.85351541666667      -6.427484370913943E-002
   6.81621958333333        4.14978583333333      -6.717637900694989E-002
   6.81621958333333        4.44605625000000      -7.211195748809099E-002
   6.81621958333333        4.74232666666667      -7.817646637497332E-002
   6.81621958333333        5.03859708333333      -8.427646721723221E-002
   6.81621958333333        5.33486750000000      -9.007748442408199E-002
   6.81621958333333        5.63113791666667      -9.540750580519196E-002
   6.81621958333333        5.92740833333333      -0.100001778641154     
   6.81621958333333        6.22367875000000      -0.103764261106727     
   6.81621958333333        6.51994916666667      -0.106803238989332     
   6.81621958333333        6.81621958333333      -0.109257481919733     
   6.81621958333333        7.11249000000000      -0.109993456476980     
   7.11249000000000       2.000000000000000E-003 -0.145609458023491     
   7.11249000000000       0.298270416666667      -0.141997215301324     
   7.11249000000000       0.594540833333333      -0.135233670062850     
   7.11249000000000       0.890811250000000      -0.126774357834880     
   7.11249000000000        1.18708166666667      -0.117770699353127     
   7.11249000000000        1.48335208333333      -0.108584138068794     
   7.11249000000000        1.77962250000000      -9.935653041345642E-002
   7.11249000000000        2.07589291666667      -9.018018385012577E-002
   7.11249000000000        2.37216333333333      -8.111705747501845E-002
   7.11249000000000        2.66843375000000      -7.217968300251376E-002
   7.11249000000000        2.96470416666667      -6.448930018662662E-002
   7.11249000000000        3.26097458333333      -5.895835946367135E-002
   7.11249000000000        3.55724500000000      -5.620538336983360E-002
   7.11249000000000        3.85351541666667      -5.647855977930735E-002
   7.11249000000000        4.14978583333333      -5.947251578569791E-002
   7.11249000000000        4.44605625000000      -6.451349903871738E-002
   7.11249000000000        4.74232666666667      -7.064598975457673E-002
   7.11249000000000        5.03859708333333      -7.671602083512499E-002
   7.11249000000000        5.33486750000000      -8.249880650040202E-002
   7.11249000000000        5.63113791666667      -8.770572007081544E-002
   7.11249000000000        5.92740833333333      -9.210113118567748E-002
   7.11249000000000        6.22367875000000      -9.555381809314327E-002
   7.11249000000000        6.51994916666667      -9.819935195135181E-002
   7.11249000000000        6.81621958333333      -0.100452896340597     
   7.11249000000000        7.11249000000000      -0.100951497255518     
