  2.000000000000000E-003  2.000000000000000E-003 -0.466072957757371     
  2.000000000000000E-003  0.298270416666667      -0.518867262855880     
  2.000000000000000E-003  0.594540833333333      -0.538823036102490     
  2.000000000000000E-003  0.890811250000000      -0.537714958980527     
  2.000000000000000E-003   1.18708166666667      -0.523539123019069     
  2.000000000000000E-003   1.48335208333333      -0.500813071002767     
  2.000000000000000E-003   1.77962250000000      -0.472748506411725     
  2.000000000000000E-003   2.07589291666667      -0.441234373937305     
  2.000000000000000E-003   2.37216333333333      -0.408899254983228     
  2.000000000000000E-003   2.66843375000000      -0.383288605391277     
  2.000000000000000E-003   2.96470416666667      -0.360325612740410     
  2.000000000000000E-003   3.26097458333333      -0.338780332827204     
  2.000000000000000E-003   3.55724500000000      -0.319517261073273     
  2.000000000000000E-003   3.85351541666667      -0.303827274880518     
  2.000000000000000E-003   4.14978583333333      -0.292532044120213     
  2.000000000000000E-003   4.44605625000000      -0.285697008402736     
  2.000000000000000E-003   4.74232666666667      -0.282986780648350     
  2.000000000000000E-003   5.03859708333333      -0.284498442487033     
  2.000000000000000E-003   5.33486750000000      -0.292087047250100     
  2.000000000000000E-003   5.63113791666667      -0.306963663261645     
  2.000000000000000E-003   5.92740833333333      -0.330088802606593     
  2.000000000000000E-003   6.22367875000000      -0.360815432522696     
  2.000000000000000E-003   6.51994916666667      -0.391363667826117     
  2.000000000000000E-003   6.81621958333333      -0.397944154245319     
  2.000000000000000E-003   7.11249000000000      -0.379864829466675     
  0.298270416666667       2.000000000000000E-003 -0.489879955561183     
  0.298270416666667       0.298270416666667      -0.492162614218124     
  0.298270416666667       0.594540833333333      -0.511182559963013     
  0.298270416666667       0.890811250000000      -0.520649000745670     
  0.298270416666667        1.18708166666667      -0.512791496516154     
  0.298270416666667        1.48335208333333      -0.493401757806597     
  0.298270416666667        1.77962250000000      -0.467357772081973     
  0.298270416666667        2.07589291666667      -0.436609849397561     
  0.298270416666667        2.37216333333333      -0.405610174785211     
  0.298270416666667        2.66843375000000      -0.380666019682388     
  0.298270416666667        2.96470416666667      -0.358068712038861     
  0.298270416666667        3.26097458333333      -0.336864569228442     
  0.298270416666667        3.55724500000000      -0.317986377691212     
  0.298270416666667        3.85351541666667      -0.302720292670414     
  0.298270416666667        4.14978583333333      -0.291846817649414     
  0.298270416666667        4.44605625000000      -0.285418012363019     
  0.298270416666667        4.74232666666667      -0.283130548263997     
  0.298270416666667        5.03859708333333      -0.285070156554131     
  0.298270416666667        5.33486750000000      -0.292763088809591     
  0.298270416666667        5.63113791666667      -0.307079741712667     
  0.298270416666667        5.92740833333333      -0.328117313618071     
  0.298270416666667        6.22367875000000      -0.353345537878503     
  0.298270416666667        6.51994916666667      -0.374008983653786     
  0.298270416666667        6.81621958333333      -0.384376715785881     
  0.298270416666667        7.11249000000000      -0.404421652519444     
  0.594540833333333       2.000000000000000E-003 -0.484812943509219     
  0.594540833333333       0.298270416666667      -0.479776920476779     
  0.594540833333333       0.594540833333333      -0.476008848751561     
  0.594540833333333       0.890811250000000      -0.482826749428244     
  0.594540833333333        1.18708166666667      -0.480954378339908     
  0.594540833333333        1.48335208333333      -0.467861563327266     
  0.594540833333333        1.77962250000000      -0.446944679453451     
  0.594540833333333        2.07589291666667      -0.420587458203414     
  0.594540833333333        2.37216333333333      -0.393937188626633     
  0.594540833333333        2.66843375000000      -0.371535549740340     
  0.594540833333333        2.96470416666667      -0.350569634613552     
  0.594540833333333        3.26097458333333      -0.330761264532254     
  0.594540833333333        3.55724500000000      -0.313181535105380     
  0.594540833333333        3.85351541666667      -0.299065060349771     
  0.594540833333333        4.14978583333333      -0.289094588162046     
  0.594540833333333        4.44605625000000      -0.283288296184081     
  0.594540833333333        4.74232666666667      -0.281376166689654     
  0.594540833333333        5.03859708333333      -0.283364709887102     
  0.594540833333333        5.33486750000000      -0.290224561914032     
  0.594540833333333        5.63113791666667      -0.302346451615439     
  0.594540833333333        5.92740833333333      -0.318968981377787     
  0.594540833333333        6.22367875000000      -0.337499446624570     
  0.594540833333333        6.51994916666667      -0.355635766573557     
  0.594540833333333        6.81621958333333      -0.381187512091252     
  0.594540833333333        7.11249000000000      -0.406449865775552     
  0.890811250000000       2.000000000000000E-003 -0.461231121359564     
  0.890811250000000       0.298270416666667      -0.462940297582901     
  0.890811250000000       0.594540833333333      -0.453581976873183     
  0.890811250000000       0.890811250000000      -0.449841662134506     
  0.890811250000000        1.18708166666667      -0.445456692876701     
  0.890811250000000        1.48335208333333      -0.435236513564730     
  0.890811250000000        1.77962250000000      -0.418639968082445     
  0.890811250000000        2.07589291666667      -0.397112113395398     
  0.890811250000000        2.37216333333333      -0.376439931631009     
  0.890811250000000        2.66843375000000      -0.357388121541462     
  0.890811250000000        2.96470416666667      -0.338884517099329     
  0.890811250000000        3.26097458333333      -0.321283787250475     
  0.890811250000000        3.55724500000000      -0.305715383458987     
  0.890811250000000        3.85351541666667      -0.293274344300866     
  0.890811250000000        4.14978583333333      -0.284517667468041     
  0.890811250000000        4.44605625000000      -0.279447941422127     
  0.890811250000000        4.74232666666667      -0.277860573596336     
  0.890811250000000        5.03859708333333      -0.279776315826076     
  0.890811250000000        5.33486750000000      -0.285749184031715     
  0.890811250000000        5.63113791666667      -0.296168816349328     
  0.890811250000000        5.92740833333333      -0.310570042527954     
  0.890811250000000        6.22367875000000      -0.328307961703074     
  0.890811250000000        6.51994916666667      -0.350180223514541     
  0.890811250000000        6.81621958333333      -0.376999746077422     
  0.890811250000000        7.11249000000000      -0.394246632584225     
   1.18708166666667       2.000000000000000E-003 -0.432017812963285     
   1.18708166666667       0.298270416666667      -0.436860169479829     
   1.18708166666667       0.594540833333333      -0.429588631128530     
   1.18708166666667       0.890811250000000      -0.421124111769031     
   1.18708166666667        1.18708166666667      -0.412881993520604     
   1.18708166666667        1.48335208333333      -0.402418003954749     
   1.18708166666667        1.77962250000000      -0.388351060579693     
   1.18708166666667        2.07589291666667      -0.371848549625779     
   1.18708166666667        2.37216333333333      -0.355960514555347     
   1.18708166666667        2.66843375000000      -0.340236905070666     
   1.18708166666667        2.96470416666667      -0.324605997387442     
   1.18708166666667        3.26097458333333      -0.309719957860524     
   1.18708166666667        3.55724500000000      -0.296584543210278     
   1.18708166666667        3.85351541666667      -0.286065252646730     
   1.18708166666667        4.14978583333333      -0.278597763978730     
   1.18708166666667        4.44605625000000      -0.274226186645097     
   1.18708166666667        4.74232666666667      -0.272876122265010     
   1.18708166666667        5.03859708333333      -0.274658098486281     
   1.18708166666667        5.33486750000000      -0.280044193922737     
   1.18708166666667        5.63113791666667      -0.289585788941437     
   1.18708166666667        5.92740833333333      -0.303310149667439     
   1.18708166666667        6.22367875000000      -0.321148080946494     
   1.18708166666667        6.51994916666667      -0.342711755871646     
   1.18708166666667        6.81621958333333      -0.364264464701004     
   1.18708166666667        7.11249000000000      -0.375353508045896     
   1.48335208333333       2.000000000000000E-003 -0.401697482098452     
   1.48335208333333       0.298270416666667      -0.407155405965431     
   1.48335208333333       0.594540833333333      -0.402200021445916     
   1.48335208333333       0.890811250000000      -0.393201541060632     
   1.48335208333333        1.18708166666667      -0.383084970624238     
   1.48335208333333        1.48335208333333      -0.372011592417121     
   1.48335208333333        1.77962250000000      -0.359706921530968     
   1.48335208333333        2.07589291666667      -0.347279254734073     
   1.48335208333333        2.37216333333333      -0.334771649742201     
   1.48335208333333        2.66843375000000      -0.322109526930988     
   1.48335208333333        2.96470416666667      -0.309548497821021     
   1.48335208333333        3.26097458333333      -0.297601592564150     
   1.48335208333333        3.55724500000000      -0.287012351689300     
   1.48335208333333        3.85351541666667      -0.278344947666491     
   1.48335208333333        4.14978583333333      -0.271975967380542     
   1.48335208333333        4.44605625000000      -0.268062751019879     
   1.48335208333333        4.74232666666667      -0.266760712162771     
   1.48335208333333        5.03859708333333      -0.268309445894958     
   1.48335208333333        5.33486750000000      -0.273151681881113     
   1.48335208333333        5.63113791666667      -0.281940111263559     
   1.48335208333333        5.92740833333333      -0.294844192450308     
   1.48335208333333        6.22367875000000      -0.311345534697006     
   1.48335208333333        6.51994916666667      -0.329708869509247     
   1.48335208333333        6.81621958333333      -0.345827587931317     
   1.48335208333333        7.11249000000000      -0.353005497700631     
   1.77962250000000       2.000000000000000E-003 -0.371511921708226     
   1.77962250000000       0.298270416666667      -0.376668642414785     
   1.77962250000000       0.594540833333333      -0.373251191870460     
   1.77962250000000       0.890811250000000      -0.365068289532858     
   1.77962250000000        1.18708166666667      -0.354977019259552     
   1.77962250000000        1.48335208333333      -0.344451083562743     
   1.77962250000000        1.77962250000000      -0.334323822110923     
   1.77962250000000        2.07589291666667      -0.324332362868519     
   1.77962250000000        2.37216333333333      -0.314405305395468     
   1.77962250000000        2.66843375000000      -0.304507763290529     
   1.77962250000000        2.96470416666667      -0.294836040427056     
   1.77962250000000        3.26097458333333      -0.285757286188002     
   1.77962250000000        3.55724500000000      -0.277555804912749     
   1.77962250000000        3.85351541666667      -0.270530621528679     
   1.77962250000000        4.14978583333333      -0.264975427592546     
   1.77962250000000        4.44605625000000      -0.261291940170821     
   1.77962250000000        4.74232666666667      -0.259823028129320     
   1.77962250000000        5.03859708333333      -0.260948303645381     
   1.77962250000000        5.33486750000000      -0.265107935893042     
   1.77962250000000        5.63113791666667      -0.272659244327138     
   1.77962250000000        5.92740833333333      -0.283906059741091     
   1.77962250000000        6.22367875000000      -0.297926300839430     
   1.77962250000000        6.51994916666667      -0.312557521283383     
   1.77962250000000        6.81621958333333      -0.324296113261679     
   1.77962250000000        7.11249000000000      -0.328786490210043     
   2.07589291666667       2.000000000000000E-003 -0.341629251753861     
   2.07589291666667       0.298270416666667      -0.345826657691691     
   2.07589291666667       0.594540833333333      -0.343548043559340     
   2.07589291666667       0.890811250000000      -0.336781719867484     
   2.07589291666667        1.18708166666667      -0.328507130092454     
   2.07589291666667        1.48335208333333      -0.319921156947179     
   2.07589291666667        1.77962250000000      -0.311438242873627     
   2.07589291666667        2.07589291666667      -0.303257438036187     
   2.07589291666667        2.37216333333333      -0.295354897263693     
   2.07589291666667        2.66843375000000      -0.287749002525889     
   2.07589291666667        2.96470416666667      -0.280697436160441     
   2.07589291666667        3.26097458333333      -0.274353333642785     
   2.07589291666667        3.55724500000000      -0.268425020982809     
   2.07589291666667        3.85351541666667      -0.262694853540316     
   2.07589291666667        4.14978583333333      -0.257574917759764     
   2.07589291666667        4.44605625000000      -0.253858081219636     
   2.07589291666667        4.74232666666667      -0.252117187084747     
   2.07589291666667        5.03859708333333      -0.252733593487220     
   2.07589291666667        5.33486750000000      -0.256031675879710     
   2.07589291666667        5.63113791666667      -0.262190557030648     
   2.07589291666667        5.92740833333333      -0.270935647566402     
   2.07589291666667        6.22367875000000      -0.281546759648531     
   2.07589291666667        6.51994916666667      -0.292497968724599     
   2.07589291666667        6.81621958333333      -0.300618226172551     
   2.07589291666667        7.11249000000000      -0.303410586829676     
   2.37216333333333       2.000000000000000E-003 -0.312706323784664     
   2.37216333333333       0.298270416666667      -0.316343284995222     
   2.37216333333333       0.594540833333333      -0.315315598729331     
   2.37216333333333       0.890811250000000      -0.310896602429189     
   2.37216333333333        1.18708166666667      -0.304558104658509     
   2.37216333333333        1.48335208333333      -0.297467378545358     
   2.37216333333333        1.77962250000000      -0.290438696073279     
   2.37216333333333        2.07589291666667      -0.283798899110376     
   2.37216333333333        2.37216333333333      -0.277537192003173     
   2.37216333333333        2.66843375000000      -0.271821947023431     
   2.37216333333333        2.96470416666667      -0.267067762600428     
   2.37216333333333        3.26097458333333      -0.263383174064196     
   2.37216333333333        3.55724500000000      -0.259667626465214     
   2.37216333333333        3.85351541666667      -0.254819126830962     
   2.37216333333333        4.14978583333333      -0.249669926918908     
   2.37216333333333        4.44605625000000      -0.245713949382652     
   2.37216333333333        4.74232666666667      -0.243631773110366     
   2.37216333333333        5.03859708333333      -0.243676058040647     
   2.37216333333333        5.33486750000000      -0.246025620244074     
   2.37216333333333        5.63113791666667      -0.250741406534849     
   2.37216333333333        5.92740833333333      -0.257404432564073     
   2.37216333333333        6.22367875000000      -0.264984760745089     
   2.37216333333333        6.51994916666667      -0.272065023546214     
   2.37216333333333        6.81621958333333      -0.276935682481534     
   2.37216333333333        7.11249000000000      -0.277988435608065     
   2.66843375000000       2.000000000000000E-003 -0.288228405110521     
   2.66843375000000       0.298270416666667      -0.291177084963138     
   2.66843375000000       0.594540833333333      -0.290595303195810     
   2.66843375000000       0.890811250000000      -0.287220457483726     
   2.66843375000000        1.18708166666667      -0.282110924754539     
   2.66843375000000        1.48335208333333      -0.276350471278273     
   2.66843375000000        1.77962250000000      -0.270791012007162     
   2.66843375000000        2.07589291666667      -0.265674802801994     
   2.66843375000000        2.37216333333333      -0.260990463001187     
   2.66843375000000        2.66843375000000      -0.256828039034290     
   2.66843375000000        2.96470416666667      -0.253741615745198     
   2.66843375000000        3.26097458333333      -0.252461336416103     
   2.66843375000000        3.55724500000000      -0.251075650300027     
   2.66843375000000        3.85351541666667      -0.246499936392110     
   2.66843375000000        4.14978583333333      -0.240973082298759     
   2.66843375000000        4.44605625000000      -0.236915913570711     
   2.66843375000000        4.74232666666667      -0.234516162750621     
   2.66843375000000        5.03859708333333      -0.233854773972743     
   2.66843375000000        5.33486750000000      -0.235125408524568     
   2.66843375000000        5.63113791666667      -0.238349550990218     
   2.66843375000000        5.92740833333333      -0.243180301654396     
   2.66843375000000        6.22367875000000      -0.248608793039269     
   2.66843375000000        6.51994916666667      -0.253381666806949     
   2.66843375000000        6.81621958333333      -0.256263138416972     
   2.66843375000000        7.11249000000000      -0.256265595843217     
   2.96470416666667       2.000000000000000E-003 -0.265650050159547     
   2.96470416666667       0.298270416666667      -0.267875868191554     
   2.96470416666667       0.594540833333333      -0.267342675099317     
   2.96470416666667       0.890811250000000      -0.264605203829811     
   2.96470416666667        1.18708166666667      -0.260536788918560     
   2.96470416666667        1.48335208333333      -0.256145100551919     
   2.96470416666667        1.77962250000000      -0.252129399128266     
   2.96470416666667        2.07589291666667      -0.248709889039887     
   2.96470416666667        2.37216333333333      -0.245849371989218     
   2.96470416666667        2.66843375000000      -0.243294519147295     
   2.96470416666667        2.96470416666667      -0.241065914739219     
   2.96470416666667        3.26097458333333      -0.240891539784756     
   2.96470416666667        3.55724500000000      -0.241929341495490     
   2.96470416666667        3.85351541666667      -0.236924126267714     
   2.96470416666667        4.14978583333333      -0.231579741937080     
   2.96470416666667        4.44605625000000      -0.227919024126754     
   2.96470416666667        4.74232666666667      -0.225038984470276     
   2.96470416666667        5.03859708333333      -0.223396478144413     
   2.96470416666667        5.33486750000000      -0.223424589486174     
   2.96470416666667        5.63113791666667      -0.225142841612430     
   2.96470416666667        5.92740833333333      -0.228240519520506     
   2.96470416666667        6.22367875000000      -0.231895454089818     
   2.96470416666667        6.51994916666667      -0.235006237317444     
   2.96470416666667        6.81621958333333      -0.236591259622546     
   2.96470416666667        7.11249000000000      -0.235921985092622     
   3.26097458333333       2.000000000000000E-003 -0.244011195335293     
   3.26097458333333       0.298270416666667      -0.245553287584331     
   3.26097458333333       0.594540833333333      -0.244984294057160     
   3.26097458333333       0.890811250000000      -0.242782919364016     
   3.26097458333333        1.18708166666667      -0.239702105128762     
   3.26097458333333        1.48335208333333      -0.236633802739290     
   3.26097458333333        1.77962250000000      -0.234145202939884     
   3.26097458333333        2.07589291666667      -0.232468135015989     
   3.26097458333333        2.37216333333333      -0.231677011920379     
   3.26097458333333        2.66843375000000      -0.231451588618282     
   3.26097458333333        2.96470416666667      -0.230760202440734     
   3.26097458333333        3.26097458333333      -0.229016584109979     
   3.26097458333333        3.55724500000000      -0.230063976073125     
   3.26097458333333        3.85351541666667      -0.226212382934460     
   3.26097458333333        4.14978583333333      -0.223088424955912     
   3.26097458333333        4.44605625000000      -0.219102029275740     
   3.26097458333333        4.74232666666667      -0.215054939599241     
   3.26097458333333        5.03859708333333      -0.212233510985473     
   3.26097458333333        5.33486750000000      -0.211039347893337     
   3.26097458333333        5.63113791666667      -0.211365184488870     
   3.26097458333333        5.92740833333333      -0.212906970157872     
   3.26097458333333        6.22367875000000      -0.215010825513610     
   3.26097458333333        6.51994916666667      -0.216754660108946     
   3.26097458333333        6.81621958333333      -0.217335222150596     
   3.26097458333333        7.11249000000000      -0.216162831742535     
   3.55724500000000       2.000000000000000E-003 -0.223525935503157     
   3.55724500000000       0.298270416666667      -0.224417358404720     
   3.55724500000000       0.594540833333333      -0.223768988460093     
   3.55724500000000       0.890811250000000      -0.222004371744493     
   3.55724500000000        1.18708166666667      -0.219758415985791     
   3.55724500000000        1.48335208333333      -0.217777405540606     
   3.55724500000000        1.77962250000000      -0.216466128306634     
   3.55724500000000        2.07589291666667      -0.216081180125919     
   3.55724500000000        2.37216333333333      -0.216742366913049     
   3.55724500000000        2.66843375000000      -0.218294557766475     
   3.55724500000000        2.96470416666667      -0.219844320255184     
   3.55724500000000        3.26097458333333      -0.218703751960226     
   3.55724500000000        3.55724500000000      -0.213637706935146     
   3.55724500000000        3.85351541666667      -0.214980224544701     
   3.55724500000000        4.14978583333333      -0.212845257210174     
   3.55724500000000        4.44605625000000      -0.207975475980899     
   3.55724500000000        4.74232666666667      -0.203340021905776     
   3.55724500000000        5.03859708333333      -0.199979471543506     
   3.55724500000000        5.33486750000000      -0.198046796641207     
   3.55724500000000        5.63113791666667      -0.197383526847421     
   3.55724500000000        5.92740833333333      -0.197693347034770     
   3.55724500000000        6.22367875000000      -0.198511342058803     
   3.55724500000000        6.51994916666667      -0.199117974222638     
   3.55724500000000        6.81621958333333      -0.198870760943834     
   3.55724500000000        7.11249000000000      -0.197287610772407     
   3.85351541666667       2.000000000000000E-003 -0.204682544421850     
   3.85351541666667       0.298270416666667      -0.204927967198034     
   3.85351541666667       0.594540833333333      -0.204107316512847     
   3.85351541666667       0.890811250000000      -0.202582819372221     
   3.85351541666667        1.18708166666667      -0.200866808995087     
   3.85351541666667        1.48335208333333      -0.199532442384723     
   3.85351541666667        1.77962250000000      -0.198857381805177     
   3.85351541666667        2.07589291666667      -0.198955772157115     
   3.85351541666667        2.37216333333333      -0.199787100510062     
   3.85351541666667        2.66843375000000      -0.200872376369472     
   3.85351541666667        2.96470416666667      -0.201300704209220     
   3.85351541666667        3.26097458333333      -0.201660554908438     
   3.85351541666667        3.55724500000000      -0.202463975560488     
   3.85351541666667        3.85351541666667      -0.196309285150600     
   3.85351541666667        4.14978583333333      -0.194219982021003     
   3.85351541666667        4.44605625000000      -0.192107292623278     
   3.85351541666667        4.74232666666667      -0.189212449570542     
   3.85351541666667        5.03859708333333      -0.186569387145591     
   3.85351541666667        5.33486750000000      -0.184664123976529     
   3.85351541666667        5.63113791666667      -0.183536181987012     
   3.85351541666667        5.92740833333333      -0.183053958669633     
   3.85351541666667        6.22367875000000      -0.182923543920727     
   3.85351541666667        6.51994916666667      -0.182643083647792     
   3.85351541666667        6.81621958333333      -0.181721352810103     
   3.85351541666667        7.11249000000000      -0.179784600324573     
   4.14978583333333       2.000000000000000E-003 -0.187737242608050     
   4.14978583333333       0.298270416666667      -0.187296080020093     
   4.14978583333333       0.594540833333333      -0.186139503512275     
   4.14978583333333       0.890811250000000      -0.184574763110122     
   4.14978583333333        1.18708166666667      -0.183005062562252     
   4.14978583333333        1.48335208333333      -0.181844598153765     
   4.14978583333333        1.77962250000000      -0.181273446228752     
   4.14978583333333        2.07589291666667      -0.181294660229567     
   4.14978583333333        2.37216333333333      -0.181772949790234     
   4.14978583333333        2.66843375000000      -0.182360002895373     
   4.14978583333333        2.96470416666667      -0.183195514551744     
   4.14978583333333        3.26097458333333      -0.186093750125702     
   4.14978583333333        3.55724500000000      -0.187796867531118     
   4.14978583333333        3.85351541666667      -0.181399130934763     
   4.14978583333333        4.14978583333333      -0.176979913970607     
   4.14978583333333        4.44605625000000      -0.175578172590287     
   4.14978583333333        4.74232666666667      -0.174261045065624     
   4.14978583333333        5.03859708333333      -0.172710548404434     
   4.14978583333333        5.33486750000000      -0.171269117329017     
   4.14978583333333        5.63113791666667      -0.170103259774158     
   4.14978583333333        5.92740833333333      -0.169213393012667     
   4.14978583333333        6.22367875000000      -0.168468693152913     
   4.14978583333333        6.51994916666667      -0.167552517800674     
   4.14978583333333        6.81621958333333      -0.166103716629275     
   4.14978583333333        7.11249000000000      -0.163852236909493     
   4.44605625000000       2.000000000000000E-003 -0.172519975173709     
   4.44605625000000       0.298270416666667      -0.171309653768531     
   4.44605625000000       0.594540833333333      -0.169613691578179     
   4.44605625000000       0.890811250000000      -0.167708369130512     
   4.44605625000000        1.18708166666667      -0.165924058451386     
   4.44605625000000        1.48335208333333      -0.164569806135678     
   4.44605625000000        1.77962250000000      -0.163797102325312     
   4.44605625000000        2.07589291666667      -0.163599873877973     
   4.44605625000000        2.37216333333333      -0.163951510692642     
   4.44605625000000        2.66843375000000      -0.164843967215151     
   4.44605625000000        2.96470416666667      -0.166636499348349     
   4.44605625000000        3.26097458333333      -0.169478801733133     
   4.44605625000000        3.55724500000000      -0.170377735526039     
   4.44605625000000        3.85351541666667      -0.166804250105530     
   4.44605625000000        4.14978583333333      -0.162972213870825     
   4.44605625000000        4.44605625000000      -0.161175005460087     
   4.44605625000000        4.74232666666667      -0.160216162101228     
   4.44605625000000        5.03859708333333      -0.159287184623730     
   4.44605625000000        5.33486750000000      -0.158278302672639     
   4.44605625000000        5.63113791666667      -0.157226222008018     
   4.44605625000000        5.92740833333333      -0.156158007383719     
   4.44605625000000        6.22367875000000      -0.155045848720613     
   4.44605625000000        6.51994916666667      -0.153687054331611     
   4.44605625000000        6.81621958333333      -0.151816685001887     
   4.44605625000000        7.11249000000000      -0.149255610539883     
   4.74232666666667       2.000000000000000E-003 -0.158577754090322     
   4.74232666666667       0.298270416666667      -0.156469002638450     
   4.74232666666667       0.594540833333333      -0.154022121042150     
   4.74232666666667       0.890811250000000      -0.151508144839691     
   4.74232666666667        1.18708166666667      -0.149227975439177     
   4.74232666666667        1.48335208333333      -0.147468221348766     
   4.74232666666667        1.77962250000000      -0.146390921761071     
   4.74232666666667        2.07589291666667      -0.146048223469852     
   4.74232666666667        2.37216333333333      -0.146510988995750     
   4.74232666666667        2.66843375000000      -0.147828536959762     
   4.74232666666667        2.96470416666667      -0.149986823350759     
   4.74232666666667        3.26097458333333      -0.152374239413651     
   4.74232666666667        3.55724500000000      -0.153291000549482     
   4.74232666666667        3.85351541666667      -0.151878580481738     
   4.74232666666667        4.14978583333333      -0.149701872448325     
   4.74232666666667        4.44605625000000      -0.148222815564411     
   4.74232666666667        4.74232666666667      -0.147375348604520     
   4.74232666666667        5.03859708333333      -0.146689152334132     
   4.74232666666667        5.33486750000000      -0.145907885439386     
   4.74232666666667        5.63113791666667      -0.144924437087674     
   4.74232666666667        5.92740833333333      -0.143758447431385     
   4.74232666666667        6.22367875000000      -0.142405200224575     
   4.74232666666667        6.51994916666667      -0.140698392778592     
   4.74232666666667        6.81621958333333      -0.138431014454655     
   4.74232666666667        7.11249000000000      -0.135506958611379     
   5.03859708333333       2.000000000000000E-003 -0.145499323737460     
   5.03859708333333       0.298270416666667      -0.142278912859694     
   5.03859708333333       0.594540833333333      -0.138815768605808     
   5.03859708333333       0.890811250000000      -0.135454046283587     
   5.03859708333333        1.18708166666667      -0.132472039252552     
   5.03859708333333        1.48335208333333      -0.130202823618337     
   5.03859708333333        1.77962250000000      -0.128878858059255     
   5.03859708333333        2.07589291666667      -0.128556248492075     
   5.03859708333333        2.37216333333333      -0.129286589312676     
   5.03859708333333        2.66843375000000      -0.131051475880255     
   5.03859708333333        2.96470416666667      -0.133554871999005     
   5.03859708333333        3.26097458333333      -0.136063739635981     
   5.03859708333333        3.55724500000000      -0.137580932701272     
   5.03859708333333        3.85351541666667      -0.137676672399906     
   5.03859708333333        4.14978583333333      -0.136937670713922     
   5.03859708333333        4.44605625000000      -0.136135475359175     
   5.03859708333333        4.74232666666667      -0.135517231986750     
   5.03859708333333        5.03859708333333      -0.134942908807832     
   5.03859708333333        5.33486750000000      -0.134203302014948     
   5.03859708333333        5.63113791666667      -0.133175997172215     
   5.03859708333333        5.92740833333333      -0.131906581621461     
   5.03859708333333        6.22367875000000      -0.130344904020055     
   5.03859708333333        6.51994916666667      -0.128300416456377     
   5.03859708333333        6.81621958333333      -0.125547036775402     
   5.03859708333333        7.11249000000000      -0.122124311077699     
   5.33486750000000       2.000000000000000E-003 -0.133220373001128     
   5.33486750000000       0.298270416666667      -0.128725373141128     
   5.33486750000000       0.594540833333333      -0.123896201835937     
   5.33486750000000       0.890811250000000      -0.119171386678001     
   5.33486750000000        1.18708166666667      -0.115133379931246     
   5.33486750000000        1.48335208333333      -0.112339841914951     
   5.33486750000000        1.77962250000000      -0.110933141335395     
   5.33486750000000        2.07589291666667      -0.110920622263935     
   5.33486750000000        2.37216333333333      -0.112189409106373     
   5.33486750000000        2.66843375000000      -0.114604087345122     
   5.33486750000000        2.96470416666667      -0.117752803127749     
   5.33486750000000        3.26097458333333      -0.120918955749273     
   5.33486750000000        3.55724500000000      -0.123345208036843     
   5.33486750000000        3.85351541666667      -0.124645122572572     
   5.33486750000000        4.14978583333333      -0.125018824525051     
   5.33486750000000        4.44605625000000      -0.124889107550758     
   5.33486750000000        4.74232666666667      -0.124537430518976     
   5.33486750000000        5.03859708333333      -0.123987448599960     
   5.33486750000000        5.33486750000000      -0.123129503921625     
   5.33486750000000        5.63113791666667      -0.121969323129177     
   5.33486750000000        5.92740833333333      -0.120527565748993     
   5.33486750000000        6.22367875000000      -0.118641002434727     
   5.33486750000000        6.51994916666667      -0.116030793603384     
   5.33486750000000        6.81621958333333      -0.112573884363997     
   5.33486750000000        7.11249000000000      -0.108508028446055     
   5.63113791666667       2.000000000000000E-003 -0.121307041277976     
   5.63113791666667       0.298270416666667      -0.115390584520417     
   5.63113791666667       0.594540833333333      -0.108892065281241     
   5.63113791666667       0.890811250000000      -0.102321258914640     
   5.63113791666667        1.18708166666667      -9.673421038169464E-002
   5.63113791666667        1.48335208333333      -9.320226252046832E-002
   5.63113791666667        1.77962250000000      -9.215241118891640E-002
   5.63113791666667        2.07589291666667      -9.291409536083856E-002
   5.63113791666667        2.37216333333333      -9.513339765343599E-002
   5.63113791666667        2.66843375000000      -9.855349243002751E-002
   5.63113791666667        2.96470416666667      -0.102701891476815     
   5.63113791666667        3.26097458333333      -0.106913622373916     
   5.63113791666667        3.55724500000000      -0.110431839373202     
   5.63113791666667        3.85351541666667      -0.112840229736125     
   5.63113791666667        4.14978583333333      -0.114121033732415     
   5.63113791666667        4.44605625000000      -0.114553152063554     
   5.63113791666667        4.74232666666667      -0.114381520219750     
   5.63113791666667        5.03859708333333      -0.113745336822751     
   5.63113791666667        5.33486750000000      -0.112683265524232     
   5.63113791666667        5.63113791666667      -0.111207511162771     
   5.63113791666667        5.92740833333333      -0.109322926925533     
   5.63113791666667        6.22367875000000      -0.106895724137678     
   5.63113791666667        6.51994916666667      -0.103506547306619     
   5.63113791666667        6.81621958333333      -9.898590541171158E-002
   5.63113791666667        7.11249000000000      -9.401479946280579E-002
   5.92740833333333       2.000000000000000E-003 -0.109137117591358     
   5.92740833333333       0.298270416666667      -0.101668927520622     
   5.92740833333333       0.594540833333333      -9.316424559666182E-002
   5.92740833333333       0.890811250000000      -8.413223347410081E-002
   5.92740833333333        1.18708166666667      -7.664763513301488E-002
   5.92740833333333        1.48335208333333      -7.241534107191680E-002
   5.92740833333333        1.77962250000000      -7.199359213686370E-002
   5.92740833333333        2.07589291666667      -7.455114908777036E-002
   5.92740833333333        2.37216333333333      -7.824555797502238E-002
   5.92740833333333        2.66843375000000      -8.296972731671273E-002
   5.92740833333333        2.96470416666667      -8.841286725234372E-002
   5.92740833333333        3.26097458333333      -9.389746191066871E-002
   5.92740833333333        3.55724500000000      -9.864771565457961E-002
   5.92740833333333        3.85351541666667      -0.102126156720863     
   5.92740833333333        4.14978583333333      -0.104201952943353     
   5.92740833333333        4.44605625000000      -0.105067901560860     
   5.92740833333333        4.74232666666667      -0.105016814199000     
   5.92740833333333        5.03859708333333      -0.104247415900628     
   5.92740833333333        5.33486750000000      -0.102793220476907     
   5.92740833333333        5.63113791666667      -0.100591502887038     
   5.92740833333333        5.92740833333333      -9.791036015884745E-002
   5.92740833333333        6.22367875000000      -9.479372953279031E-002
   5.92740833333333        6.51994916666667      -9.053219174689191E-002
   5.92740833333333        6.81621958333333      -8.439702433391592E-002
   5.92740833333333        7.11249000000000      -7.794768909559270E-002
   6.22367875000000       2.000000000000000E-003 -9.599205456761388E-002
   6.22367875000000       0.298270416666667      -8.706330413145735E-002
   6.22367875000000       0.594540833333333      -7.605236719012751E-002
   6.22367875000000       0.890811250000000      -6.373177668621369E-002
   6.22367875000000        1.18708166666667      -5.441409083048027E-002
   6.22367875000000        1.48335208333333      -5.020977963752999E-002
   6.22367875000000        1.77962250000000      -5.110585487968248E-002
   6.22367875000000        2.07589291666667      -5.613878308495202E-002
   6.22367875000000        2.37216333333333      -6.214065531681411E-002
   6.22367875000000        2.66843375000000      -6.842856445079230E-002
   6.22367875000000        2.96470416666667      -7.521096625415595E-002
   6.22367875000000        3.26097458333333      -8.198831602481033E-002
   6.22367875000000        3.55724500000000      -8.795212928781822E-002
   6.22367875000000        3.85351541666667      -9.244980118877696E-002
   6.22367875000000        4.14978583333333      -9.524755297269340E-002
   6.22367875000000        4.44605625000000      -9.649907657014711E-002
   6.22367875000000        4.74232666666667      -9.651460627058175E-002
   6.22367875000000        5.03859708333333      -9.550197863201508E-002
   6.22367875000000        5.33486750000000      -9.328709934623074E-002
   6.22367875000000        5.63113791666667      -8.976269229249691E-002
   6.22367875000000        5.92740833333333      -8.559297627806284E-002
   6.22367875000000        6.22367875000000      -8.147409840983462E-002
   6.22367875000000        6.51994916666667      -7.677253334734011E-002
   6.22367875000000        6.81621958333333      -6.884002072951950E-002
   6.22367875000000        7.11249000000000      -5.989387091685304E-002
   6.51994916666667       2.000000000000000E-003 -8.188289628548508E-002
   6.51994916666667       0.298270416666667      -7.173294947186844E-002
   6.51994916666667       0.594540833333333      -5.652803155515584E-002
   6.51994916666667       0.890811250000000      -4.050232777229543E-002
   6.51994916666667        1.18708166666667      -3.072153957682051E-002
   6.51994916666667        1.48335208333333      -2.815322296465366E-002
   6.51994916666667        1.77962250000000      -3.126178938627817E-002
   6.51994916666667        2.07589291666667      -3.874506899614425E-002
   6.51994916666667        2.37216333333333      -4.776141106789530E-002
   6.51994916666667        2.66843375000000      -5.573588695190147E-002
   6.51994916666667        2.96470416666667      -6.375876373887676E-002
   6.51994916666667        3.26097458333333      -7.165531448761506E-002
   6.51994916666667        3.55724500000000      -7.864513664002547E-002
   6.51994916666667        3.85351541666667      -8.399139110241903E-002
   6.51994916666667        4.14978583333333      -8.737224747960827E-002
   6.51994916666667        4.44605625000000      -8.890415437302154E-002
   6.51994916666667        4.74232666666667      -8.890244341473956E-002
   6.51994916666667        5.03859708333333      -8.754999234356374E-002
   6.51994916666667        5.33486750000000      -8.417313983252618E-002
   6.51994916666667        5.63113791666667      -7.861611002120118E-002
   6.51994916666667        5.92740833333333      -7.159896295785900E-002
   6.51994916666667        6.22367875000000      -6.492797597014392E-002
   6.51994916666667        6.51994916666667      -6.032221605990720E-002
   6.51994916666667        6.81621958333333      -5.328689086255333E-002
   6.51994916666667        7.11249000000000      -4.159688299090238E-002
   6.81621958333333       2.000000000000000E-003 -6.877356343289012E-002
   6.81621958333333       0.298270416666667      -5.380640095925163E-002
   6.81621958333333       0.594540833333333      -3.256770358713619E-002
   6.81621958333333       0.890811250000000      -1.660043004403475E-002
   6.81621958333333        1.18708166666667      -9.432373652577259E-003
   6.81621958333333        1.48335208333333      -9.701908244595752E-003
   6.81621958333333        1.77962250000000      -1.530320384772259E-002
   6.81621958333333        2.07589291666667      -2.505420736767842E-002
   6.81621958333333        2.37216333333333      -3.636754259466370E-002
   6.81621958333333        2.66843375000000      -4.571913737087496E-002
   6.81621958333333        2.96470416666667      -5.464276272553441E-002
   6.81621958333333        3.26097458333333      -6.330168930587894E-002
   6.81621958333333        3.55724500000000      -7.097341784047610E-002
   6.81621958333333        3.85351541666667      -7.687671957267195E-002
   6.81621958333333        4.14978583333333      -8.062454255443006E-002
   6.81621958333333        4.44605625000000      -8.230100446939360E-002
   6.81621958333333        4.74232666666667      -8.222158709181873E-002
   6.81621958333333        5.03859708333333      -8.047426151783822E-002
   6.81621958333333        5.33486750000000      -7.594320686671685E-002
   6.81621958333333        5.63113791666667      -6.813392793941028E-002
   6.81621958333333        5.92740833333333      -5.711432488859187E-002
   6.81621958333333        6.22367875000000      -4.450020165085156E-002
   6.81621958333333        6.51994916666667      -3.565524817002852E-002
   6.81621958333333        6.81621958333333      -3.526205655372626E-002
   6.81621958333333        7.11249000000000      -2.972834044615563E-002
   7.11249000000000       2.000000000000000E-003 -5.810678114121029E-002
   7.11249000000000       0.298270416666667      -3.232632493031651E-002
   7.11249000000000       0.594540833333333      -1.450601112703394E-002
   7.11249000000000       0.890811250000000      -2.543389073063930E-003
   7.11249000000000        1.18708166666667       2.091987344709406E-003
   7.11249000000000        1.48335208333333       1.949383070757738E-004
   7.11249000000000        1.77962250000000      -6.584959102128024E-003
   7.11249000000000        2.07589291666667      -1.694738541482595E-002
   7.11249000000000        2.37216333333333      -2.916845421434019E-002
   7.11249000000000        2.66843375000000      -3.902892195147169E-002
   7.11249000000000        2.96470416666667      -4.826008193624304E-002
   7.11249000000000        3.26097458333333      -5.717130182843820E-002
   7.11249000000000        3.55724500000000      -6.506840021782891E-002
   7.11249000000000        3.85351541666667      -7.115451457621610E-002
   7.11249000000000        4.14978583333333      -7.501015650475226E-002
   7.11249000000000        4.44605625000000      -7.670024782461281E-002
   7.11249000000000        4.74232666666667      -7.653799945834970E-002
   7.11249000000000        5.03859708333333      -7.456230093827108E-002
   7.11249000000000        5.33486750000000      -6.948460599170900E-002
   7.11249000000000        5.63113791666667      -6.058050929015928E-002
   7.11249000000000        5.92740833333333      -4.731809325115716E-002
   7.11249000000000        6.22367875000000      -3.018884824949577E-002
   7.11249000000000        6.51994916666667      -1.417768822128189E-002
   7.11249000000000        6.81621958333333      -1.363239308180704E-002
   7.11249000000000        7.11249000000000      -2.441873340903616E-002
