  2.000000000000000E-003  2.000000000000000E-003 -0.262357910480167     
  2.000000000000000E-003  0.298270416666667      -0.276978207725906     
  2.000000000000000E-003  0.594540833333333      -0.286012424957349     
  2.000000000000000E-003  0.890811250000000      -0.289606431806866     
  2.000000000000000E-003   1.18708166666667      -0.292723820011328     
  2.000000000000000E-003   1.48335208333333      -0.297104426098207     
  2.000000000000000E-003   1.77962250000000      -0.302990655263358     
  2.000000000000000E-003   2.07589291666667      -0.310145910340683     
  2.000000000000000E-003   2.37216333333333      -0.318144785311614     
  2.000000000000000E-003   2.66843375000000      -0.326300613547864     
  2.000000000000000E-003   2.96470416666667      -0.333302055715161     
  2.000000000000000E-003   3.26097458333333      -0.338019425805890     
  2.000000000000000E-003   3.55724500000000      -0.339647011742720     
  2.000000000000000E-003   3.85351541666667      -0.337875320084863     
  2.000000000000000E-003   4.14978583333333      -0.333045511006894     
  2.000000000000000E-003   4.44605625000000      -0.325997836186291     
  2.000000000000000E-003   4.74232666666667      -0.317896010684049     
  2.000000000000000E-003   5.03859708333333      -0.310078109707023     
  2.000000000000000E-003   5.33486750000000      -0.303260686014445     
  2.000000000000000E-003   5.63113791666667      -0.297873200043571     
  2.000000000000000E-003   5.92740833333333      -0.294144707530121     
  2.000000000000000E-003   6.22367875000000      -0.291806529776470     
  2.000000000000000E-003   6.51994916666667      -0.289025480722506     
  2.000000000000000E-003   6.81621958333333      -0.280668462103044     
  2.000000000000000E-003   7.11249000000000      -0.266854392083963     
  0.298270416666667       2.000000000000000E-003 -0.272639142134211     
  0.298270416666667       0.298270416666667      -0.276910014273859     
  0.298270416666667       0.594540833333333      -0.286244196648981     
  0.298270416666667       0.890811250000000      -0.294151976084319     
  0.298270416666667        1.18708166666667      -0.300936167240785     
  0.298270416666667        1.48335208333333      -0.308424885029829     
  0.298270416666667        1.77962250000000      -0.317233951840291     
  0.298270416666667        2.07589291666667      -0.327275935958485     
  0.298270416666667        2.37216333333333      -0.338217646698662     
  0.298270416666667        2.66843375000000      -0.349127900565673     
  0.298270416666667        2.96470416666667      -0.358411105347530     
  0.298270416666667        3.26097458333333      -0.364636015972141     
  0.298270416666667        3.55724500000000      -0.366774853497193     
  0.298270416666667        3.85351541666667      -0.364446406590113     
  0.298270416666667        4.14978583333333      -0.358065717948098     
  0.298270416666667        4.44605625000000      -0.348695489231224     
  0.298270416666667        4.74232666666667      -0.337800802381161     
  0.298270416666667        5.03859708333333      -0.327006778261874     
  0.298270416666667        5.33486750000000      -0.317271190497888     
  0.298270416666667        5.63113791666667      -0.308932186349713     
  0.298270416666667        5.92740833333333      -0.302072638456453     
  0.298270416666667        6.22367875000000      -0.296044117309706     
  0.298270416666667        6.51994916666667      -0.288865067927998     
  0.298270416666667        6.81621958333333      -0.279938407469150     
  0.298270416666667        7.11249000000000      -0.276701875875906     
  0.594540833333333       2.000000000000000E-003 -0.276846370017562     
  0.594540833333333       0.298270416666667      -0.281566706223132     
  0.594540833333333       0.594540833333333      -0.287221345789985     
  0.594540833333333       0.890811250000000      -0.297159830837816     
  0.594540833333333        1.18708166666667      -0.308033964840752     
  0.594540833333333        1.48335208333333      -0.319523576388688     
  0.594540833333333        1.77962250000000      -0.332031592046736     
  0.594540833333333        2.07589291666667      -0.345636492759785     
  0.594540833333333        2.37216333333333      -0.360038959572184     
  0.594540833333333        2.66843375000000      -0.374086718228394     
  0.594540833333333        2.96470416666667      -0.385945233876231     
  0.594540833333333        3.26097458333333      -0.393875307162727     
  0.594540833333333        3.55724500000000      -0.396588419500671     
  0.594540833333333        3.85351541666667      -0.393612969999879     
  0.594540833333333        4.14978583333333      -0.385458264777721     
  0.594540833333333        4.44605625000000      -0.373448899806095     
  0.594540833333333        4.74232666666667      -0.359356981604478     
  0.594540833333333        5.03859708333333      -0.345047301373079     
  0.594540833333333        5.33486750000000      -0.331689098849555     
  0.594540833333333        5.63113791666667      -0.319573805344570     
  0.594540833333333        5.92740833333333      -0.308597998166381     
  0.594540833333333        6.22367875000000      -0.298282681918006     
  0.594540833333333        6.51994916666667      -0.288810493509838     
  0.594540833333333        6.81621958333333      -0.283674162710434     
  0.594540833333333        7.11249000000000      -0.280365525017940     
  0.890811250000000       2.000000000000000E-003 -0.276700431140437     
  0.890811250000000       0.298270416666667      -0.285127743694428     
  0.890811250000000       0.594540833333333      -0.292496983014554     
  0.890811250000000       0.890811250000000      -0.303324987883223     
  0.890811250000000        1.18708166666667      -0.316685456841847     
  0.890811250000000        1.48335208333333      -0.331511394133248     
  0.890811250000000        1.77962250000000      -0.347557810531764     
  0.890811250000000        2.07589291666667      -0.364786770469607     
  0.890811250000000        2.37216333333333      -0.382826602174193     
  0.890811250000000        2.66843375000000      -0.400247663665085     
  0.890811250000000        2.96470416666667      -0.415033735864567     
  0.890811250000000        3.26097458333333      -0.425020057989416     
  0.890811250000000        3.55724500000000      -0.428453671998625     
  0.890811250000000        3.85351541666667      -0.424662671769762     
  0.890811250000000        4.14978583333333      -0.414361021600131     
  0.890811250000000        4.44605625000000      -0.399338204191998     
  0.890811250000000        4.74232666666667      -0.381788531852747     
  0.890811250000000        5.03859708333333      -0.363754389470504     
  0.890811250000000        5.33486750000000      -0.346681199685515     
  0.890811250000000        5.63113791666667      -0.330912687534755     
  0.890811250000000        5.92740833333333      -0.316449138199406     
  0.890811250000000        6.22367875000000      -0.303479476209393     
  0.890811250000000        6.51994916666667      -0.293060054526152     
  0.890811250000000        6.81621958333333      -0.286350494886832     
  0.890811250000000        7.11249000000000      -0.279087217841287     
   1.18708166666667       2.000000000000000E-003 -0.275823504319527     
   1.18708166666667       0.298270416666667      -0.287357615940585     
   1.18708166666667       0.594540833333333      -0.298339627131824     
   1.18708166666667       0.890811250000000      -0.311444150575549     
   1.18708166666667        1.18708166666667      -0.327046403689357     
   1.18708166666667        1.48335208333333      -0.344586657509378     
   1.18708166666667        1.77962250000000      -0.363734076393256     
   1.18708166666667        2.07589291666667      -0.384400512996141     
   1.18708166666667        2.37216333333333      -0.406072229850413     
   1.18708166666667        2.66843375000000      -0.427361563091786     
   1.18708166666667        2.96470416666667      -0.446053462977476     
   1.18708166666667        3.26097458333333      -0.459152463801785     
   1.18708166666667        3.55724500000000      -0.463765599689082     
   1.18708166666667        3.85351541666667      -0.458667112040937     
   1.18708166666667        4.14978583333333      -0.445133511555347     
   1.18708166666667        4.44605625000000      -0.426094854041355     
   1.18708166666667        4.74232666666667      -0.404569869098428     
   1.18708166666667        5.03859708333333      -0.382791493591419     
   1.18708166666667        5.33486750000000      -0.362165594248706     
   1.18708166666667        5.63113791666667      -0.343179500301137     
   1.18708166666667        5.92740833333333      -0.325884104101988     
   1.18708166666667        6.22367875000000      -0.310590768732092     
   1.18708166666667        6.51994916666667      -0.297896090294173     
   1.18708166666667        6.81621958333333      -0.287551069558546     
   1.18708166666667        7.11249000000000      -0.276912570627745     
   1.48335208333333       2.000000000000000E-003 -0.275424156542069     
   1.48335208333333       0.298270416666667      -0.289639091815379     
   1.48335208333333       0.594540833333333      -0.304155928874252     
   1.48335208333333       0.890811250000000      -0.320263346677604     
   1.48335208333333        1.18708166666667      -0.338418180441593     
   1.48335208333333        1.48335208333333      -0.358511420802956     
   1.48335208333333        1.77962250000000      -0.380509190222084     
   1.48335208333333        2.07589291666667      -0.404422245748592     
   1.48335208333333        2.37216333333333      -0.430042945224066     
   1.48335208333333        2.66843375000000      -0.456659360470992     
   1.48335208333333        2.96470416666667      -0.481993674506007     
   1.48335208333333        3.26097458333333      -0.500225552706591     
   1.48335208333333        3.55724500000000      -0.506946787117686     
   1.48335208333333        3.85351541666667      -0.499555659496516     
   1.48335208333333        4.14978583333333      -0.480723576439749     
   1.48335208333333        4.44605625000000      -0.454907013449679     
   1.48335208333333        4.74232666666667      -0.427934044805310     
   1.48335208333333        5.03859708333333      -0.402088228145237     
   1.48335208333333        5.33486750000000      -0.378091376826389     
   1.48335208333333        5.63113791666667      -0.356154544944302     
   1.48335208333333        5.92740833333333      -0.336229316245046     
   1.48335208333333        6.22367875000000      -0.318344128200429     
   1.48335208333333        6.51994916666667      -0.302637065635213     
   1.48335208333333        6.81621958333333      -0.288696658200085     
   1.48335208333333        7.11249000000000      -0.275212721308619     
   1.77962250000000       2.000000000000000E-003 -0.275717638172359     
   1.77962250000000       0.298270416666667      -0.292506669025440     
   1.77962250000000       0.594540833333333      -0.310273862227030     
   1.77962250000000       0.890811250000000      -0.329512951283254     
   1.77962250000000        1.18708166666667      -0.350485355088346     
   1.77962250000000        1.48335208333333      -0.373290699614102     
   1.77962250000000        1.77962250000000      -0.398103634093194     
   1.77962250000000        2.07589291666667      -0.425290662348509     
   1.77962250000000        2.37216333333333      -0.455572989938405     
   1.77962250000000        2.66843375000000      -0.487765474932054     
   1.77962250000000        2.96470416666667      -0.518673166241151     
   1.77962250000000        3.26097458333333      -0.542351706848505     
   1.77962250000000        3.55724500000000      -0.550815196191499     
   1.77962250000000        3.85351541666667      -0.541448344925722     
   1.77962250000000        4.14978583333333      -0.516955529683671     
   1.77962250000000        4.44605625000000      -0.485375226108458     
   1.77962250000000        4.74232666666667      -0.452676045007410     
   1.77962250000000        5.03859708333333      -0.422060545454802     
   1.77962250000000        5.33486750000000      -0.394693532507515     
   1.77962250000000        5.63113791666667      -0.369851987908283     
   1.77962250000000        5.92740833333333      -0.347164388101516     
   1.77962250000000        6.22367875000000      -0.326440373629049     
   1.77962250000000        6.51994916666667      -0.307588814302122     
   1.77962250000000        6.81621958333333      -0.290355418381783     
   1.77962250000000        7.11249000000000      -0.274212913958315     
   2.07589291666667       2.000000000000000E-003 -0.276556094295806     
   2.07589291666667       0.298270416666667      -0.295933634986199     
   2.07589291666667       0.594540833333333      -0.316812123966167     
   2.07589291666667       0.890811250000000      -0.339212251670807     
   2.07589291666667        1.18708166666667      -0.363224462759897     
   2.07589291666667        1.48335208333333      -0.389000769311068     
   2.07589291666667        1.77962250000000      -0.416953600363568     
   2.07589291666667        2.07589291666667      -0.447634550205057     
   2.07589291666667        2.37216333333333      -0.480534571832016     
   2.07589291666667        2.66843375000000      -0.515753457067862     
   2.07589291666667        2.96470416666667      -0.551766222779871     
   2.07589291666667        3.26097458333333      -0.581976029558481     
   2.07589291666667        3.55724500000000      -0.593839360149556     
   2.07589291666667        3.85351541666667      -0.580779704368664     
   2.07589291666667        4.14978583333333      -0.549501064912818     
   2.07589291666667        4.44605625000000      -0.512597403302744     
   2.07589291666667        4.74232666666667      -0.476683622550540     
   2.07589291666667        5.03859708333333      -0.443309963727471     
   2.07589291666667        5.33486750000000      -0.412390829536649     
   2.07589291666667        5.63113791666667      -0.384370596797019     
   2.07589291666667        5.92740833333333      -0.358676354322999     
   2.07589291666667        6.22367875000000      -0.334896037947756     
   2.07589291666667        6.51994916666667      -0.312876365705434     
   2.07589291666667        6.81621958333333      -0.292515975852220     
   2.07589291666667        7.11249000000000      -0.273754907651040     
   2.37216333333333       2.000000000000000E-003 -0.277620728794714     
   2.37216333333333       0.298270416666667      -0.299648516938788     
   2.37216333333333       0.594540833333333      -0.323521330908526     
   2.37216333333333       0.890811250000000      -0.349022444001100     
   2.37216333333333        1.18708166666667      -0.376171059423727     
   2.37216333333333        1.48335208333333      -0.405465534418917     
   2.37216333333333        1.77962250000000      -0.437739681764340     
   2.37216333333333        2.07589291666667      -0.471127038113038     
   2.37216333333333        2.37216333333333      -0.504789989284538     
   2.37216333333333        2.66843375000000      -0.540085303564522     
   2.37216333333333        2.96470416666667      -0.579236403903156     
   2.37216333333333        3.26097458333333      -0.617813356400827     
   2.37216333333333        3.55724500000000      -0.635187373509570     
   2.37216333333333        3.85351541666667      -0.616243046364709     
   2.37216333333333        4.14978583333333      -0.576313053406425     
   2.37216333333333        4.44605625000000      -0.536039644429805     
   2.37216333333333        4.74232666666667      -0.499838875641320     
   2.37216333333333        5.03859708333333      -0.465537161060428     
   2.37216333333333        5.33486750000000      -0.431831534346457     
   2.37216333333333        5.63113791666667      -0.399517679357288     
   2.37216333333333        5.92740833333333      -0.370311102664987     
   2.37216333333333        6.22367875000000      -0.343387886813111     
   2.37216333333333        6.51994916666667      -0.318265967047111     
   2.37216333333333        6.81621958333333      -0.294916569903848     
   2.37216333333333        7.11249000000000      -0.273513483972111     
   2.66843375000000       2.000000000000000E-003 -0.278494317891297     
   2.66843375000000       0.298270416666667      -0.302962526340623     
   2.66843375000000       0.594540833333333      -0.329477908586655     
   2.66843375000000       0.890811250000000      -0.357758426830600     
   2.66843375000000        1.18708166666667      -0.388113846325489     
   2.66843375000000        1.48335208333333      -0.421947705973193     
   2.66843375000000        1.77962250000000      -0.459398632534514     
   2.66843375000000        2.07589291666667      -0.496394415695633     
   2.66843375000000        2.37216333333333      -0.531151390190402     
   2.66843375000000        2.66843375000000      -0.563325367920096     
   2.66843375000000        2.96470416666667      -0.598597964882978     
   2.66843375000000        3.26097458333333      -0.644722710178123     
   2.66843375000000        3.55724500000000      -0.672332547525346     
   2.66843375000000        3.85351541666667      -0.642698835386367     
   2.66843375000000        4.14978583333333      -0.594968308494418     
   2.66843375000000        4.44605625000000      -0.558338605738012     
   2.66843375000000        4.74232666666667      -0.525010279134185     
   2.66843375000000        5.03859708333333      -0.489427141685068     
   2.66843375000000        5.33486750000000      -0.452018149352729     
   2.66843375000000        5.63113791666667      -0.414558446851903     
   2.66843375000000        5.92740833333333      -0.380865176291392     
   2.66843375000000        6.22367875000000      -0.350740853532124     
   2.66843375000000        6.51994916666667      -0.322840217537831     
   2.66843375000000        6.81621958333333      -0.296862808197939     
   2.66843375000000        7.11249000000000      -0.273047794141661     
   2.96470416666667       2.000000000000000E-003 -0.278400143185825     
   2.96470416666667       0.298270416666667      -0.304782063929574     
   2.96470416666667       0.594540833333333      -0.333313384126664     
   2.96470416666667       0.890811250000000      -0.363802422482481     
   2.96470416666667        1.18708166666667      -0.397131091372902     
   2.96470416666667        1.48335208333333      -0.436251352058356     
   2.96470416666667        1.77962250000000      -0.479032847398360     
   2.96470416666667        2.07589291666667      -0.522240561821084     
   2.96470416666667        2.37216333333333      -0.562889735703101     
   2.96470416666667        2.66843375000000      -0.594832656300768     
   2.96470416666667        2.96470416666667      -0.616807908441973     
   2.96470416666667        3.26097458333333      -0.655507305347872     
   2.96470416666667        3.55724500000000      -0.698034422063300     
   2.96470416666667        3.85351541666667      -0.653097056802078     
   2.96470416666667        4.14978583333333      -0.612685304749015     
   2.96470416666667        4.44605625000000      -0.589044987685482     
   2.96470416666667        4.74232666666667      -0.555606394084744     
   2.96470416666667        5.03859708333333      -0.513916445954279     
   2.96470416666667        5.33486750000000      -0.470188579607816     
   2.96470416666667        5.63113791666667      -0.427372053376930     
   2.96470416666667        5.92740833333333      -0.388481196309120     
   2.96470416666667        6.22367875000000      -0.355389292208720     
   2.96470416666667        6.51994916666667      -0.325271068623219     
   2.96470416666667        6.81621958333333      -0.297282957674563     
   2.96470416666667        7.11249000000000      -0.271576646983674     
   3.26097458333333       2.000000000000000E-003 -0.276699248842327     
   3.26097458333333       0.298270416666667      -0.304158454497471     
   3.26097458333333       0.594540833333333      -0.333764443353355     
   3.26097458333333       0.890811250000000      -0.365465970421371     
   3.26097458333333        1.18708166666667      -0.400731156501688     
   3.26097458333333        1.48335208333333      -0.443436765807053     
   3.26097458333333        1.77962250000000      -0.491028490544483     
   3.26097458333333        2.07589291666667      -0.541598555616358     
   3.26097458333333        2.37216333333333      -0.593923164479632     
   3.26097458333333        2.66843375000000      -0.640695966314095     
   3.26097458333333        2.96470416666667      -0.665239272419825     
   3.26097458333333        3.26097458333333      -0.665358659019300     
   3.26097458333333        3.55724500000000      -0.692999139357367     
   3.26097458333333        3.85351541666667      -0.663142793307950     
   3.26097458333333        4.14978583333333      -0.661225063331458     
   3.26097458333333        4.44605625000000      -0.634447932331694     
   3.26097458333333        4.74232666666667      -0.585730279700310     
   3.26097458333333        5.03859708333333      -0.532125416423430     
   3.26097458333333        5.33486750000000      -0.480916031861044     
   3.26097458333333        5.63113791666667      -0.433244219118446     
   3.26097458333333        5.92740833333333      -0.390789343485289     
   3.26097458333333        6.22367875000000      -0.355738452570000     
   3.26097458333333        6.51994916666667      -0.324366376208223     
   3.26097458333333        6.81621958333333      -0.295271066733772     
   3.26097458333333        7.11249000000000      -0.268467247341211     
   3.55724500000000       2.000000000000000E-003 -0.272966223270724     
   3.55724500000000       0.298270416666667      -0.300452874659719     
   3.55724500000000       0.594540833333333      -0.329958579188823     
   3.55724500000000       0.890811250000000      -0.361486266737436     
   3.55724500000000        1.18708166666667      -0.396710467091843     
   3.55724500000000        1.48335208333333      -0.439877446335852     
   3.55724500000000        1.77962250000000      -0.487981377959950     
   3.55724500000000        2.07589291666667      -0.541048249414388     
   3.55724500000000        2.37216333333333      -0.599029355484551     
   3.55724500000000        2.66843375000000      -0.658667594628120     
   3.55724500000000        2.96470416666667      -0.705775941838226     
   3.55724500000000        3.26097458333333      -0.701531020732061     
   3.55724500000000        3.55724500000000      -0.641884596860097     
   3.55724500000000        3.85351541666667      -0.699734278375982     
   3.55724500000000        4.14978583333333      -0.702026756702477     
   3.55724500000000        4.44605625000000      -0.652196109058574     
   3.55724500000000        4.74232666666667      -0.590292649335367     
   3.55724500000000        5.03859708333333      -0.530840697326059     
   3.55724500000000        5.33486750000000      -0.477009574988713     
   3.55724500000000        5.63113791666667      -0.428703119264150     
   3.55724500000000        5.92740833333333      -0.385717674123153     
   3.55724500000000        6.22367875000000      -0.350618610014071     
   3.55724500000000        6.51994916666667      -0.319320196008887     
   3.55724500000000        6.81621958333333      -0.290224271956077     
   3.55724500000000        7.11249000000000      -0.263293297410614     
   3.85351541666667       2.000000000000000E-003 -0.267094575139075     
   3.85351541666667       0.298270416666667      -0.293509241926482     
   3.85351541666667       0.594540833333333      -0.321698694253624     
   3.85351541666667       0.890811250000000      -0.351566646318248     
   3.85351541666667        1.18708166666667      -0.384437688204770     
   3.85351541666667        1.48335208333333      -0.423918294570106     
   3.85351541666667        1.77962250000000      -0.467773800981680     
   3.85351541666667        2.07589291666667      -0.514005125100334     
   3.85351541666667        2.37216333333333      -0.561121473538112     
   3.85351541666667        2.66843375000000      -0.602072865222977     
   3.85351541666667        2.96470416666667      -0.622806839831403     
   3.85351541666667        3.26097458333333      -0.628030124638925     
   3.85351541666667        3.55724500000000      -0.660363830800776     
   3.85351541666667        3.85351541666667      -0.626277275745823     
   3.85351541666667        4.14978583333333      -0.618844748638999     
   3.85351541666667        4.44605625000000      -0.595478639224469     
   3.85351541666667        4.74232666666667      -0.552252828044011     
   3.85351541666667        5.03859708333333      -0.503558631841420     
   3.85351541666667        5.33486750000000      -0.456404770026137     
   3.85351541666667        5.63113791666667      -0.412194317006449     
   3.85351541666667        5.92740833333333      -0.372695804526195     
   3.85351541666667        6.22367875000000      -0.339770377880773     
   3.85351541666667        6.51994916666667      -0.309954531605225     
   3.85351541666667        6.81621958333333      -0.281986225517647     
   3.85351541666667        7.11249000000000      -0.255927782367135     
   4.14978583333333       2.000000000000000E-003 -0.259382698762935     
   4.14978583333333       0.298270416666667      -0.283745464388464     
   4.14978583333333       0.594540833333333      -0.309565868359500     
   4.14978583333333       0.890811250000000      -0.336565308870188     
   4.14978583333333        1.18708166666667      -0.365383815829736     
   4.14978583333333        1.48335208333333      -0.398469082591324     
   4.14978583333333        1.77962250000000      -0.433992553370442     
   4.14978583333333        2.07589291666667      -0.468686943085888     
   4.14978583333333        2.37216333333333      -0.499295924742508     
   4.14978583333333        2.66843375000000      -0.520671186604638     
   4.14978583333333        2.96470416666667      -0.535954900801191     
   4.14978583333333        3.26097458333333      -0.578501653083114     
   4.14978583333333        3.55724500000000      -0.627487792122425     
   4.14978583333333        3.85351541666667      -0.576566596615062     
   4.14978583333333        4.14978583333333      -0.531832017152045     
   4.14978583333333        4.44605625000000      -0.514178026126027     
   4.14978583333333        4.74232666666667      -0.490662879090891     
   4.14978583333333        5.03859708333333      -0.458424391318661     
   4.14978583333333        5.33486750000000      -0.422647537443494     
   4.14978583333333        5.63113791666667      -0.386539029502662     
   4.14978583333333        5.92740833333333      -0.353139109759673     
   4.14978583333333        6.22367875000000      -0.324005867969897     
   4.14978583333333        6.51994916666667      -0.296803907532294     
   4.14978583333333        6.81621958333333      -0.270929254502964     
   4.14978583333333        7.11249000000000      -0.246630127557177     
   4.44605625000000       2.000000000000000E-003 -0.250438780595895     
   4.44605625000000       0.298270416666667      -0.272037619220851     
   4.44605625000000       0.594540833333333      -0.294755048723545     
   4.44605625000000       0.890811250000000      -0.318172175919247     
   4.44605625000000        1.18708166666667      -0.342294977220752     
   4.44605625000000        1.48335208333333      -0.367975189342928     
   4.44605625000000        1.77962250000000      -0.394993771151595     
   4.44605625000000        2.07589291666667      -0.419476409538519     
   4.44605625000000        2.37216333333333      -0.439354972208672     
   4.44605625000000        2.66843375000000      -0.455281705528829     
   4.44605625000000        2.96470416666667      -0.476484412987585     
   4.44605625000000        3.26097458333333      -0.515385955795311     
   4.44605625000000        3.55724500000000      -0.541806029297259     
   4.44605625000000        3.85351541666667      -0.513413193383970     
   4.44605625000000        4.14978583333333      -0.472421693191609     
   4.44605625000000        4.44605625000000      -0.449061207603928     
   4.44605625000000        4.74232666666667      -0.431130014637142     
   4.44605625000000        5.03859708333333      -0.409591200146337     
   4.44605625000000        5.33486750000000      -0.383872416133242     
   4.44605625000000        5.63113791666667      -0.356023688534522     
   4.44605625000000        5.92740833333333      -0.329656684306830     
   4.44605625000000        6.22367875000000      -0.304908563381216     
   4.44605625000000        6.51994916666667      -0.280972205576608     
   4.44605625000000        6.81621958333333      -0.257857266966020     
   4.44605625000000        7.11249000000000      -0.235964313677372     
   4.74232666666667       2.000000000000000E-003 -0.241037663134222     
   4.74232666666667       0.298270416666667      -0.259504464313395     
   4.74232666666667       0.594540833333333      -0.278744323828590     
   4.74232666666667       0.890811250000000      -0.298319160948194     
   4.74232666666667        1.18708166666667      -0.317885034039460     
   4.74232666666667        1.48335208333333      -0.337396418821210     
   4.74232666666667        1.77962250000000      -0.356882300689710     
   4.74232666666667        2.07589291666667      -0.374262520415089     
   4.74232666666667        2.37216333333333      -0.388614446991700     
   4.74232666666667        2.66843375000000      -0.402208371382904     
   4.74232666666667        2.96470416666667      -0.420380637242007     
   4.74232666666667        3.26097458333333      -0.443671726541135     
   4.74232666666667        3.55724500000000      -0.455496401021259     
   4.74232666666667        3.85351541666667      -0.441717009623681     
   4.74232666666667        4.14978583333333      -0.416427606017044     
   4.74232666666667        4.44605625000000      -0.396248088523104     
   4.74232666666667        4.74232666666667      -0.380754531128009     
   4.74232666666667        5.03859708333333      -0.364729436271370     
   4.74232666666667        5.33486750000000      -0.345972320326675     
   4.74232666666667        5.63113791666667      -0.325365874062003     
   4.74232666666667        5.92740833333333      -0.304825451205947     
   4.74232666666667        6.22367875000000      -0.284302551612506     
   4.74232666666667        6.51994916666667      -0.263848969416924     
   4.74232666666667        6.81621958333333      -0.243821123622598     
   4.74232666666667        7.11249000000000      -0.224666314071189     
   5.03859708333333       2.000000000000000E-003 -0.231985160134530     
   5.03859708333333       0.298270416666667      -0.247287497578387     
   5.03859708333333       0.594540833333333      -0.262981417028846     
   5.03859708333333       0.890811250000000      -0.278712372432489     
   5.03859708333333        1.18708166666667      -0.294123525375077     
   5.03859708333333        1.48335208333333      -0.308873962111927     
   5.03859708333333        1.77962250000000      -0.322690113158368     
   5.03859708333333        2.07589291666667      -0.335125835042040     
   5.03859708333333        2.37216333333333      -0.345753813660143     
   5.03859708333333        2.66843375000000      -0.356046739168588     
   5.03859708333333        2.96470416666667      -0.367970761428010     
   5.03859708333333        3.26097458333333      -0.379974322773136     
   5.03859708333333        3.55724500000000      -0.384909798332597     
   5.03859708333333        3.85351541666667      -0.378027551119975     
   5.03859708333333        4.14978583333333      -0.364076308015453     
   5.03859708333333        4.44605625000000      -0.350229806835076     
   5.03859708333333        4.74232666666667      -0.338096326114185     
   5.03859708333333        5.03859708333333      -0.325773478843090     
   5.03859708333333        5.33486750000000      -0.311823034416586     
   5.03859708333333        5.63113791666667      -0.296614109893273     
   5.03859708333333        5.92740833333333      -0.280541344289743     
   5.03859708333333        6.22367875000000      -0.263842457642951     
   5.03859708333333        6.51994916666667      -0.246838307232623     
   5.03859708333333        6.81621958333333      -0.229914942159699     
   5.03859708333333        7.11249000000000      -0.213498520124613     
   5.33486750000000       2.000000000000000E-003 -0.223722310051364     
   5.33486750000000       0.298270416666667      -0.236071115557281     
   5.33486750000000       0.594540833333333      -0.248378458367950     
   5.33486750000000       0.890811250000000      -0.260516104106632     
   5.33486750000000        1.18708166666667      -0.272205730392441     
   5.33486750000000        1.48335208333333      -0.283141667615030     
   5.33486750000000        1.77962250000000      -0.293100900720552     
   5.33486750000000        2.07589291666667      -0.301866920980019     
   5.33486750000000        2.37216333333333      -0.309400620134304     
   5.33486750000000        2.66843375000000      -0.316278561346825     
   5.33486750000000        2.96470416666667      -0.323070889735421     
   5.33486750000000        3.26097458333333      -0.328720718036066     
   5.33486750000000        3.55724500000000      -0.330477214799040     
   5.33486750000000        3.85351541666667      -0.326754106554228     
   5.33486750000000        4.14978583333333      -0.319159454686196     
   5.33486750000000        4.44605625000000      -0.310465859115032     
   5.33486750000000        4.74232666666667      -0.301753129662269     
   5.33486750000000        5.03859708333333      -0.292471494578527     
   5.33486750000000        5.33486750000000      -0.282042259459836     
   5.33486750000000        5.63113791666667      -0.270494345977017     
   5.33486750000000        5.92740833333333      -0.258008930697857     
   5.33486750000000        6.22367875000000      -0.244707772400590     
   5.33486750000000        6.51994916666667      -0.230850684650759     
   5.33486750000000        6.81621958333333      -0.216794803410118     
   5.33486750000000        7.11249000000000      -0.202857811016127     
   5.63113791666667       2.000000000000000E-003 -0.216444918556716     
   5.63113791666667       0.298270416666667      -0.226096009028342     
   5.63113791666667       0.594540833333333      -0.235225595425083     
   5.63113791666667       0.890811250000000      -0.244059210211063     
   5.63113791666667        1.18708166666667      -0.252528779327274     
   5.63113791666667        1.48335208333333      -0.260370951472016     
   5.63113791666667        1.77962250000000      -0.267401204295667     
   5.63113791666667        2.07589291666667      -0.273550434726786     
   5.63113791666667        2.37216333333333      -0.278786562515024     
   5.63113791666667        2.66843375000000      -0.283169870851320     
   5.63113791666667        2.96470416666667      -0.286669529444967     
   5.63113791666667        3.26097458333333      -0.289035309068449     
   5.63113791666667        3.55724500000000      -0.289303434058942     
   5.63113791666667        3.85351541666667      -0.287022905809335     
   5.63113791666667        4.14978583333333      -0.282675366775746     
   5.63113791666667        4.44605625000000      -0.277241453440966     
   5.63113791666667        4.74232666666667      -0.270967368825940     
   5.63113791666667        5.03859708333333      -0.263882944513800     
   5.63113791666667        5.33486750000000      -0.255942389705945     
   5.63113791666667        5.63113791666667      -0.247193119641716     
   5.63113791666667        5.92740833333333      -0.237604297958785     
   5.63113791666667        6.22367875000000      -0.227218640067564     
   5.63113791666667        6.51994916666667      -0.216183531155433     
   5.63113791666667        6.81621958333333      -0.204670087663447     
   5.63113791666667        7.11249000000000      -0.192864968144820     
   5.92740833333333       2.000000000000000E-003 -0.210192547216676     
   5.92740833333333       0.298270416666667      -0.217451450558258     
   5.92740833333333       0.594540833333333      -0.223571092029378     
   5.92740833333333       0.890811250000000      -0.229382945495148     
   5.92740833333333        1.18708166666667      -0.235088267307373     
   5.92740833333333        1.48335208333333      -0.240411211817426     
   5.92740833333333        1.77962250000000      -0.245123002786105     
   5.92740833333333        2.07589291666667      -0.249193659552355     
   5.92740833333333        2.37216333333333      -0.252613412711010     
   5.92740833333333        2.66843375000000      -0.255355668399418     
   5.92740833333333        2.96470416666667      -0.257330220317324     
   5.92740833333333        3.26097458333333      -0.258300748173821     
   5.92740833333333        3.55724500000000      -0.257974293606843     
   5.92740833333333        3.85351541666667      -0.256221679936364     
   5.92740833333333        4.14978583333333      -0.253194948436657     
   5.92740833333333        4.44605625000000      -0.249193701582096     
   5.92740833333333        4.74232666666667      -0.244447172616125     
   5.92740833333333        5.03859708333333      -0.239046160516102     
   5.92740833333333        5.33486750000000      -0.233052867454447     
   5.92740833333333        5.63113791666667      -0.226470755441640     
   5.92740833333333        5.92740833333333      -0.219244840404936     
   5.92740833333333        6.22367875000000      -0.211419759570161     
   5.92740833333333        6.51994916666667      -0.202966494589362     
   5.92740833333333        6.81621958333333      -0.193656630392104     
   5.92740833333333        7.11249000000000      -0.183500798742570     
   6.22367875000000       2.000000000000000E-003 -0.204730344262031     
   6.22367875000000       0.298270416666667      -0.209906428985872     
   6.22367875000000       0.594540833333333      -0.213171064244264     
   6.22367875000000       0.890811250000000      -0.216398772062140     
   6.22367875000000        1.18708166666667      -0.219830877614005     
   6.22367875000000        1.48335208333333      -0.223068329722786     
   6.22367875000000        1.77962250000000      -0.225870314575248     
   6.22367875000000        2.07589291666667      -0.228208343568827     
   6.22367875000000        2.37216333333333      -0.230087602384167     
   6.22367875000000        2.66843375000000      -0.231472300231344     
   6.22367875000000        2.96470416666667      -0.232302560934355     
   6.22367875000000        3.26097458333333      -0.232456549831566     
   6.22367875000000        3.55724500000000      -0.231800413407178     
   6.22367875000000        3.85351541666667      -0.230279720235788     
   6.22367875000000        4.14978583333333      -0.227960000761882     
   6.22367875000000        4.44605625000000      -0.224973700394295     
   6.22367875000000        4.74232666666667      -0.221431041666597     
   6.22367875000000        5.03859708333333      -0.217391628848860     
   6.22367875000000        5.33486750000000      -0.212925333956551     
   6.22367875000000        5.63113791666667      -0.208032812886124     
   6.22367875000000        5.92740833333333      -0.202732784940573     
   6.22367875000000        6.22367875000000      -0.197135221203178     
   6.22367875000000        6.51994916666667      -0.191097863653988     
   6.22367875000000        6.81621958333333      -0.183736719466100     
   6.22367875000000        7.11249000000000      -0.174581973790871     
   6.51994916666667       2.000000000000000E-003 -0.199161109324174     
   6.51994916666667       0.298270416666667      -0.202460076762826     
   6.51994916666667       0.594540833333333      -0.203514606466637     
   6.51994916666667       0.890811250000000      -0.204995764496333     
   6.51994916666667        1.18708166666667      -0.206641227045616     
   6.51994916666667        1.48335208333333      -0.208066506824877     
   6.51994916666667        1.77962250000000      -0.209166800935455     
   6.51994916666667        2.07589291666667      -0.209954542667730     
   6.51994916666667        2.37216333333333      -0.210430092711280     
   6.51994916666667        2.66843375000000      -0.210573327333720     
   6.51994916666667        2.96470416666667      -0.210392015459969     
   6.51994916666667        3.26097458333333      -0.209855417412953     
   6.51994916666667        3.55724500000000      -0.208918540402044     
   6.51994916666667        3.85351541666667      -0.207562176004941     
   6.51994916666667        4.14978583333333      -0.205803406927020     
   6.51994916666667        4.44605625000000      -0.203675852094967     
   6.51994916666667        4.74232666666667      -0.201190021817662     
   6.51994916666667        5.03859708333333      -0.198320870813368     
   6.51994916666667        5.33486750000000      -0.195107740485149     
   6.51994916666667        5.63113791666667      -0.191554895512027     
   6.51994916666667        5.92740833333333      -0.187715762222710     
   6.51994916666667        6.22367875000000      -0.183797507732514     
   6.51994916666667        6.51994916666667      -0.179850863189772     
   6.51994916666667        6.81621958333333      -0.174426706495872     
   6.51994916666667        7.11249000000000      -0.165693667624305     
   6.81621958333333       2.000000000000000E-003 -0.191110285680088     
   6.81621958333333       0.298270416666667      -0.193252615638013     
   6.81621958333333       0.594540833333333      -0.194568116039508     
   6.81621958333333       0.890811250000000      -0.195127269380346     
   6.81621958333333        1.18708166666667      -0.195175980393330     
   6.81621958333333        1.48335208333333      -0.194882181882184     
   6.81621958333333        1.77962250000000      -0.194349323897311     
   6.81621958333333        2.07589291666667      -0.193631724394896     
   6.81621958333333        2.37216333333333      -0.192703124684939     
   6.81621958333333        2.66843375000000      -0.191581315647616     
   6.81621958333333        2.96470416666667      -0.190369232657205     
   6.81621958333333        3.26097458333333      -0.189135383526968     
   6.81621958333333        3.55724500000000      -0.187914218914560     
   6.81621958333333        3.85351541666667      -0.186717072822394     
   6.81621958333333        4.14978583333333      -0.185517492157789     
   6.81621958333333        4.44605625000000      -0.184259918379566     
   6.81621958333333        4.74232666666667      -0.182845049116443     
   6.81621958333333        5.03859708333333      -0.181128763121229     
   6.81621958333333        5.33486750000000      -0.179082482750617     
   6.81621958333333        5.63113791666667      -0.176681738038875     
   6.81621958333333        5.92740833333333      -0.173883906593370     
   6.81621958333333        6.22367875000000      -0.170776919126953     
   6.81621958333333        6.51994916666667      -0.167588027368199     
   6.81621958333333        6.81621958333333      -0.163378859493185     
   6.81621958333333        7.11249000000000      -0.155675524730672     
   7.11249000000000       2.000000000000000E-003 -0.180253842603832     
   7.11249000000000       0.298270416666667      -0.185501091628957     
   7.11249000000000       0.594540833333333      -0.186812380702548     
   7.11249000000000       0.890811250000000      -0.186078712852593     
   7.11249000000000        1.18708166666667      -0.184604128657284     
   7.11249000000000        1.48335208333333      -0.182755475075234     
   7.11249000000000        1.77962250000000      -0.180687030503587     
   7.11249000000000        2.07589291666667      -0.178454342506517     
   7.11249000000000        2.37216333333333      -0.176045829019972     
   7.11249000000000        2.66843375000000      -0.173548686931073     
   7.11249000000000        2.96470416666667      -0.171203354064211     
   7.11249000000000        3.26097458333333      -0.169202409543654     
   7.11249000000000        3.55724500000000      -0.167669626538403     
   7.11249000000000        3.85351541666667      -0.166649852705635     
   7.11249000000000        4.14978583333333      -0.166074578456352     
   7.11249000000000        4.44605625000000      -0.165793620569489     
   7.11249000000000        4.74232666666667      -0.165579192108979     
   7.11249000000000        5.03859708333333      -0.165135998027125     
   7.11249000000000        5.33486750000000      -0.164343087030067     
   7.11249000000000        5.63113791666667      -0.163101053618788     
   7.11249000000000        5.92740833333333      -0.161266824623813     
   7.11249000000000        6.22367875000000      -0.158695038379294     
   7.11249000000000        6.51994916666667      -0.155386903546435     
   7.11249000000000        6.81621958333333      -0.151093847469115     
   7.11249000000000        7.11249000000000      -0.143674071311882     
